8 39 194 969 844 219 94 469 344 719 594 969 844 219 94 469 344 719 594 969 844 219 94 469 344 719 594 969 844 219 94 469 344 719 594 969 844 219 94 469 344 719 594 969 844 219 94 469 344 719 594 969 844 219 94 469 344 719 594 969 844 219 94 469 344 719 594 969 844 219 94 469 344 719 594 969 844 219 94 469 344 719 594 969 844 219 94 469 344 719 594 969 844 219 94 469 344 719 594 969 844 
345 306 765 286 385 66 205 646 225 26 445 206 865 186 485 966 305 546 325 926 545 106 965 86 585 866 405 446 425 826 645 6 65 986 685 766 505 346 525 726 745 906 165 886 785 666 605 246 625 626 845 806 265 786 885 566 705 146 725 526 945 706 365 686 985 466 805 46 825 426 45 606 465 586 85 366 905 946 925 326 145 506 565 486 185 266 5 846 25 226 245 406 665 386 285 166 105 746 125 126 345 
766 636 656 576 896 616 736 256 176 496 216 336 856 776 96 816 936 456 376 696 416 536 56 976 296 16 136 656 576 896 616 736 256 176 496 216 336 856 776 96 816 936 456 376 696 416 536 56 976 296 16 136 656 576 896 616 736 256 176 496 216 336 856 776 96 816 936 456 376 696 416 536 56 976 296 16 136 656 576 896 616 736 256 176 496 216 336 856 776 96 816 936 456 376 696 416 536 56 976 296 16 
497 593 449 665 841 577 473 129 145 121 657 353 809 625 401 737 233 489 105 681 817 113 169 585 961 897 993 849 65 241 977 873 529 545 521 57 753 209 25 801 137 633 889 505 81 217 513 569 985 361 297 393 249 465 641 377 273 929 945 921 457 153 609 425 201 537 33 289 905 481 617 913 969 385 761 697 793 649 865 41 777 673 329 345 321 857 553 9 825 601 937 433 689 305 881 17 313 369 785 161 97 
434 163 84 13 734 863 384 713 34 563 684 413 334 263 984 113 634 963 284 813 934 663 584 513 234 363 884 213 534 63 184 913 834 763 484 613 134 463 784 313 434 163 84 13 734 863 384 713 34 563 684 413 334 263 984 113 634 963 284 813 934 663 584 513 234 363 884 213 534 63 184 913 834 763 484 613 134 463 784 313 434 163 84 13 734 863 384 713 34 563 684 413 334 263 984 113 634 963 284 813 934 
635 777 923 721 795 857 963 241 555 737 403 961 915 417 243 881 875 897 483 1 435 177 123 321 595 257 163 841 355 137 603 561 715 817 443 481 675 297 683 601 235 577 323 921 395 657 363 441 155 537 803 161 515 217 643 81 475 697 883 201 35 977 523 521 195 57 563 41 955 937 3 761 315 617 843 681 275 97 83 801 835 377 723 121 995 457 763 641 755 337 203 361 115 17 43 281 75 497 283 401 635 
938 655 646 939 178 175 606 19 18 495 966 299 458 615 726 779 498 535 886 459 138 255 446 339 378 775 406 419 218 95 766 699 658 215 526 179 698 135 686 859 338 855 246 739 578 375 206 819 418 695 566 99 858 815 326 579 898 735 486 259 538 455 46 139 778 975 6 219 618 295 366 499 58 415 126 979 98 335 286 659 738 55 846 539 978 575 806 619 818 895 166 899 258 15 926 379 298 935 86 59 938 
419 435 611 547 843 99 915 891 627 723 779 395 171 707 603 459 875 451 787 483 139 355 731 867 363 819 835 11 947 243 499 315 291 27 123 179 795 571 107 3 859 275 851 187 883 539 755 131 267 763 219 235 411 347 643 899 715 691 427 523 579 195 971 507 403 259 675 251 587 283 939 155 531 667 163 619 635 811 747 43 299 115 91 827 923 979 595 371 907 803 659 75 651 987 683 339 555 931 67 563 19 
124 477 168 345 564 157 128 465 204 237 888 185 44 717 448 505 84 597 808 425 324 877 968 945 764 557 928 65 404 637 688 785 244 117 248 105 284 997 608 25 524 277 768 545 964 957 728 665 604 37 488 385 444 517 48 705 484 397 408 625 724 677 568 145 164 357 528 265 804 437 288 985 644 917 848 305 684 797 208 225 924 77 368 745 364 757 328 865 4 837 88 585 844 317 648 905 884 197 8 825 124 
645 545 145 545 145 545 145 545 145 545 145 545 145 545 145 545 145 545 145 545 145 545 145 545 145 545 145 545 145 545 145 545 145 545 145 545 145 545 145 545 145 545 145 545 145 545 145 545 145 545 145 545 145 545 145 545 145 545 145 545 145 545 145 545 145 545 145 545 145 545 145 545 145 545 145 545 145 545 145 545 145 545 145 545 145 545 145 545 145 545 145 545 145 545 145 545 145 545 145 545 145 
546 171 796 421 46 671 296 921 546 171 796 421 46 671 296 921 546 171 796 421 46 671 296 921 546 171 796 421 46 671 296 921 546 171 796 421 46 671 296 921 546 171 796 421 46 671 296 921 546 171 796 421 46 671 296 921 546 171 796 421 46 671 296 921 546 171 796 421 46 671 296 921 546 171 796 421 46 671 296 921 546 171 796 421 46 671 296 921 546 171 796 421 46 671 296 921 546 171 796 421 46 
547 163 499 955 931 827 43 979 35 611 107 923 459 115 291 387 803 939 195 971 667 683 419 275 651 947 563 899 355 331 227 443 379 435 11 507 323 859 515 691 787 203 339 595 371 67 83 819 675 51 347 963 299 755 731 627 843 779 835 411 907 723 259 915 91 187 603 739 995 771 467 483 219 75 451 747 363 699 155 131 27 243 179 235 811 307 123 659 315 491 587 3 139 395 171 867 883 619 475 851 147 
628 365 976 9 708 605 696 169 188 45 16 129 68 685 936 889 348 525 456 449 28 565 576 809 108 805 296 969 588 245 616 929 468 885 536 689 748 725 56 249 428 765 176 609 508 5 896 769 988 445 216 729 868 85 136 489 148 925 656 49 828 965 776 409 908 205 496 569 388 645 816 529 268 285 736 289 548 125 256 849 228 165 376 209 308 405 96 369 788 845 416 329 668 485 336 89 948 325 856 649 628 
966 435 620 145 770 895 520 645 270 395 20 145 770 895 520 645 270 395 20 145 770 895 520 645 270 395 20 145 770 895 520 645 270 395 20 145 770 895 520 645 270 395 20 145 770 895 520 645 270 395 20 145 770 895 520 645 270 395 20 145 770 895 520 645 270 395 20 145 770 895 520 645 270 395 20 145 770 895 520 645 270 395 20 145 770 895 520 645 270 395 20 145 770 895 520 645 270 395 20 145 770 
521 46 46 46 46 46 46 46 46 46 46 46 46 46 46 46 46 46 46 46 46 46 46 46 46 46 46 46 46 46 46 46 46 46 46 46 46 46 46 46 46 46 46 46 46 46 46 46 46 46 46 46 46 46 46 46 46 46 46 46 46 46 46 46 46 46 46 46 46 46 46 46 46 46 46 46 46 46 46 46 46 46 46 46 46 46 46 46 46 46 46 46 46 46 46 46 46 46 46 46 46 
47 163 499 955 931 827 43 979 35 611 107 923 459 115 291 387 803 939 195 971 667 683 419 275 651 947 563 899 355 331 227 443 379 435 11 507 323 859 515 691 787 203 339 595 371 67 83 819 675 51 347 963 299 755 731 627 843 779 835 411 907 723 259 915 91 187 603 739 995 771 467 483 219 75 451 747 363 699 155 131 27 243 179 235 811 307 123 659 315 491 587 3 139 395 171 867 883 619 475 851 147 
628 125 376 209 348 885 456 849 468 845 136 289 988 5 416 529 908 365 296 569 228 925 776 409 948 685 856 49 68 645 536 489 588 805 816 729 508 165 696 769 828 725 176 609 548 485 256 249 668 445 936 689 188 605 216 929 108 965 96 969 428 525 576 809 148 285 656 449 268 245 336 889 788 405 616 129 708 765 496 169 28 325 976 9 748 85 56 649 868 45 736 89 388 205 16 329 308 565 896 369 628 
410 691 220 981 830 471 240 161 450 51 460 141 270 431 880 921 290 611 500 501 510 591 320 881 930 371 340 61 550 951 560 41 370 331 980 821 390 511 600 401 610 491 420 781 30 271 440 961 650 851 660 941 470 231 80 721 490 411 700 301 710 391 520 681 130 171 540 861 750 751 760 841 570 131 180 621 590 311 800 201 810 291 620 581 230 71 640 761 850 651 860 741 670 31 280 521 690 211 900 101 910 
652 253 904 105 356 157 8 409 860 861 912 513 164 365 616 417 268 669 120 121 172 773 424 625 876 677 528 929 380 381 432 33 684 885 136 937 788 189 640 641 692 293 944 145 396 197 48 449 900 901 952 553 204 405 656 457 308 709 160 161 212 813 464 665 916 717 568 969 420 421 472 73 724 925 176 977 828 229 680 681 732 333 984 185 436 237 88 489 940 941 992 593 244 445 696 497 348 749 200 201 252 
397 542 727 32 697 442 427 132 997 342 127 232 297 242 827 332 597 142 527 432 897 42 227 532 197 942 927 632 497 842 627 732 797 742 327 832 97 642 27 932 397 542 727 32 697 442 427 132 997 342 127 232 297 242 827 332 597 142 527 432 897 42 227 532 197 942 927 632 497 842 627 732 797 742 327 832 97 642 27 932 397 542 727 32 697 442 427 132 997 342 127 232 297 242 827 332 597 142 527 432 897 
543 372 885 346 963 112 665 6 983 52 845 466 603 192 425 726 823 532 405 786 643 72 785 646 63 812 565 306 83 752 745 766 703 892 325 26 923 232 305 86 743 772 685 946 163 512 465 606 183 452 645 66 803 592 225 326 23 932 205 386 843 472 585 246 263 212 365 906 283 152 545 366 903 292 125 626 123 632 105 686 943 172 485 546 363 912 265 206 383 852 445 666 3 992 25 926 223 332 5 986 43 
247 602 567 162 47 2 767 762 847 402 967 362 647 802 167 962 447 202 367 562 247 602 567 162 47 2 767 762 847 402 967 362 647 802 167 962 447 202 367 562 247 602 567 162 47 2 767 762 847 402 967 362 647 802 167 962 447 202 367 562 247 602 567 162 47 2 767 762 847 402 967 362 647 802 167 962 447 202 367 562 247 602 567 162 47 2 767 762 847 402 967 362 647 802 167 962 447 202 367 562 247 
448 657 280 161 768 697 160 521 688 937 440 681 208 377 120 641 328 17 200 401 48 857 680 961 368 897 560 321 288 137 840 481 808 577 520 441 928 217 600 201 648 57 80 761 968 97 960 121 888 337 240 281 408 777 920 241 528 417 1000 1 248 257 480 561 568 297 360 921 488 537 640 81 8 977 320 41 128 617 400 801 848 457 880 361 168 497 760 721 88 737 40 881 608 177 720 841 728 817 800 601 448 
241 378 667 700 901 398 607 880 361 18 747 460 621 238 87 440 681 58 627 820 541 478 367 600 201 498 307 780 661 118 447 360 921 338 787 340 981 158 327 720 841 578 67 500 501 598 7 680 961 218 147 260 221 438 487 240 281 258 27 620 141 678 767 400 801 698 707 580 261 318 847 160 521 538 187 140 581 358 727 520 441 778 467 300 101 798 407 480 561 418 547 60 821 638 887 40 881 458 427 420 741 
319 103 175 151 159 823 935 231 799 943 895 911 239 463 55 191 479 383 415 71 519 703 975 551 359 423 735 631 999 543 695 311 439 63 855 591 679 983 215 471 719 303 775 951 559 23 535 31 199 143 495 711 639 663 655 991 879 583 15 871 919 903 575 351 759 623 335 431 399 743 295 111 839 263 455 391 79 183 815 271 119 503 375 751 959 223 135 831 599 343 95 511 39 863 255 791 279 783 615 671 319 
104 121 256 681 56 681 56 681 56 681 56 681 56 681 56 681 56 681 56 681 56 681 56 681 56 681 56 681 56 681 56 681 56 681 56 681 56 681 56 681 56 681 56 681 56 681 56 681 56 681 56 681 56 681 56 681 56 681 56 681 56 681 56 681 56 681 56 681 56 681 56 681 56 681 56 681 56 681 56 681 56 681 56 681 56 681 56 681 56 681 56 681 56 681 56 681 56 681 56 681 56 
57 818 59 180 581 662 823 464 985 786 267 828 869 790 991 872 833 274 595 196 477 838 679 400 401 82 843 84 205 606 687 848 489 10 811 292 853 894 815 16 897 858 299 620 221 502 863 704 425 426 107 868 109 230 631 712 873 514 35 836 317 878 919 840 41 922 883 324 645 246 527 888 729 450 451 132 893 134 255 656 737 898 539 60 861 342 903 944 865 66 947 908 349 670 271 552 913 754 475 476 157 
986 153 197 5 661 253 397 405 461 853 597 805 261 453 797 205 61 53 997 605 861 653 197 5 661 253 397 405 461 853 597 805 261 453 797 205 61 53 997 605 861 653 197 5 661 253 397 405 461 853 597 805 261 453 797 205 61 53 997 605 861 653 197 5 661 253 397 405 461 853 597 805 261 453 797 205 61 53 997 605 861 653 197 5 661 253 397 405 461 853 597 805 261 453 797 205 61 53 997 605 861 
398 391 756 581 706 331 456 81 206 831 956 581 706 331 456 81 206 831 956 581 706 331 456 81 206 831 956 581 706 331 456 81 206 831 956 581 706 331 456 81 206 831 956 581 706 331 456 81 206 831 956 581 706 331 456 81 206 831 956 581 706 331 456 81 206 831 956 581 706 331 456 81 206 831 956 581 706 331 456 81 206 831 956 581 706 331 456 81 206 831 956 581 706 331 456 81 206 831 956 581 706 
582 393 709 805 581 437 773 989 485 661 917 653 269 165 741 397 533 549 845 821 877 413 829 525 901 357 293 109 205 981 837 173 389 885 61 317 53 669 565 141 797 933 949 245 221 277 813 229 925 301 757 693 509 605 381 237 573 789 285 461 717 453 69 965 541 197 333 349 645 621 677 213 629 325 701 157 93 909 5 781 637 973 189 685 861 117 853 469 365 941 597 733 749 45 21 77 613 29 725 101 557 
366 815 636 645 706 675 576 905 246 335 716 965 986 795 56 825 926 55 596 485 66 115 336 945 406 975 276 205 946 635 416 265 686 95 756 125 626 355 296 785 766 415 36 245 106 275 976 505 646 935 116 565 386 395 456 425 326 655 996 85 466 715 736 545 806 575 676 805 346 235 816 865 86 695 156 725 26 955 696 385 166 15 436 845 506 875 376 105 46 535 516 165 786 995 856 25 726 255 396 685 866 
966 31 356 981 106 731 856 481 606 231 356 981 106 731 856 481 606 231 356 981 106 731 856 481 606 231 356 981 106 731 856 481 606 231 356 981 106 731 856 481 606 231 356 981 106 731 856 481 606 231 356 981 106 731 856 481 606 231 356 981 106 731 856 481 606 231 356 981 106 731 856 481 606 231 356 981 106 731 856 481 606 231 356 981 106 731 856 481 606 231 356 981 106 731 856 481 606 231 356 981 106 
482 843 984 305 206 87 348 389 610 411 192 353 294 415 116 797 858 699 720 321 902 863 604 525 26 507 368 9 830 231 612 373 914 635 936 217 878 319 940 141 322 883 224 745 846 927 388 629 50 51 32 393 534 855 756 637 898 939 160 961 742 903 844 965 666 347 408 249 270 871 452 413 154 75 576 57 918 559 380 781 162 923 464 185 486 767 428 869 490 691 872 433 774 295 396 477 938 179 600 601 582 
636 945 531 775 351 55 471 535 391 215 111 95 631 175 951 455 71 935 991 615 711 495 231 575 551 855 671 335 591 15 311 895 831 975 151 255 271 735 191 415 911 295 431 375 751 655 871 135 791 815 511 695 31 775 351 55 471 535 391 215 111 95 631 175 951 455 71 935 991 615 711 495 231 575 551 855 671 335 591 15 311 895 831 975 151 255 271 735 191 415 911 295 431 375 751 655 871 135 791 815 511 
192 801 776 401 776 401 776 401 776 401 776 401 776 401 776 401 776 401 776 401 776 401 776 401 776 401 776 401 776 401 776 401 776 401 776 401 776 401 776 401 776 401 776 401 776 401 776 401 776 401 776 401 776 401 776 401 776 401 776 401 776 401 776 401 776 401 776 401 776 401 776 401 776 401 776 401 776 401 776 401 776 401 776 401 776 401 776 401 776 401 776 401 776 401 776 401 776 401 776 401 776 
402 953 529 505 881 657 833 409 385 761 537 713 289 265 641 417 593 169 145 521 297 473 49 25 401 177 353 929 905 281 57 233 809 785 161 937 113 689 665 41 817 993 569 545 921 697 873 449 425 801 577 753 329 305 681 457 633 209 185 561 337 513 89 65 441 217 393 969 945 321 97 273 849 825 201 977 153 729 705 81 857 33 609 585 961 737 913 489 465 841 617 793 369 345 721 497 673 249 225 601 377 
450 451 772 813 974 655 256 177 818 579 860 61 582 823 184 65 866 987 828 789 270 671 392 833 394 475 476 797 838 999 680 281 202 843 604 885 86 607 848 209 90 891 12 853 814 295 696 417 858 419 500 501 822 863 24 705 306 227 868 629 910 111 632 873 234 115 916 37 878 839 320 721 442 883 444 525 526 847 888 49 730 331 252 893 654 935 136 657 898 259 140 941 62 903 864 345 746 467 908 469 550 
296 89 693 805 541 949 773 45 261 109 253 485 581 69 133 125 501 829 413 965 21 389 93 5 141 749 173 245 861 909 653 685 181 869 533 325 101 629 813 165 621 189 493 205 741 549 573 445 461 709 53 885 781 669 933 525 701 429 213 365 221 989 893 405 341 349 973 645 61 509 453 85 381 469 333 725 301 229 613 565 821 789 293 605 941 149 373 845 661 309 853 285 981 269 733 925 901 29 13 765 421 
606 727 268 629 210 411 632 273 734 415 716 37 778 339 120 521 942 783 444 325 826 347 288 49 30 631 252 293 154 235 936 657 798 759 940 741 562 803 864 145 46 967 308 469 850 851 872 313 574 55 156 277 818 179 760 961 182 823 284 965 266 587 328 889 670 71 492 333 994 875 376 897 838 599 580 181 802 843 704 785 486 207 348 309 490 291 112 353 414 695 596 517 858 19 400 401 422 863 124 605 706 
445 416 353 492 725 576 873 932 405 536 993 572 485 296 713 412 965 856 33 452 845 216 953 692 125 376 473 132 805 336 593 772 885 96 313 612 365 656 633 652 245 16 553 892 525 176 73 332 205 136 193 972 285 896 913 812 765 456 233 852 645 816 153 92 925 976 673 532 605 936 793 172 685 696 513 12 165 256 833 52 45 616 753 292 325 776 273 732 5 736 393 372 85 496 113 212 565 56 433 252 445 
573 826 651 776 401 526 151 276 901 26 651 776 401 526 151 276 901 26 651 776 401 526 151 276 901 26 651 776 401 526 151 276 901 26 651 776 401 526 151 276 901 26 651 776 401 526 151 276 901 26 651 776 401 526 151 276 901 26 651 776 401 526 151 276 901 26 651 776 401 526 151 276 901 26 651 776 401 526 151 276 901 26 651 776 401 526 151 276 901 26 651 776 401 526 151 276 901 26 651 776 401 
402 203 404 5 6 407 208 409 10 11 412 213 414 15 16 417 218 419 20 21 422 223 424 25 26 427 228 429 30 31 432 233 434 35 36 437 238 439 40 41 442 243 444 45 46 447 248 449 50 51 452 253 454 55 56 457 258 459 60 61 462 263 464 65 66 467 268 469 70 71 472 273 474 75 76 477 278 479 80 81 482 283 484 85 86 487 288 489 90 91 492 293 494 95 96 497 298 499 100 101 502 
503 301 101 101 101 101 101 101 101 101 101 101 101 101 101 101 101 101 101 101 101 101 101 101 101 101 101 101 101 101 101 101 101 101 101 101 101 101 101 101 101 101 101 101 101 101 101 101 101 101 101 101 101 101 101 101 101 101 101 101 101 101 101 101 101 101 101 101 101 101 101 101 101 101 101 101 101 101 101 101 101 101 101 101 101 101 101 101 101 101 101 101 101 101 101 101 101 101 101 101 101 
102 303 604 5 506 107 808 609 510 511 612 813 114 515 16 617 318 119 20 21 122 323 624 25 526 127 828 629 530 531 632 833 134 535 36 637 338 139 40 41 142 343 644 45 546 147 848 649 550 551 652 853 154 555 56 657 358 159 60 61 162 363 664 65 566 167 868 669 570 571 672 873 174 575 76 677 378 179 80 81 182 383 684 85 586 187 888 689 590 591 692 893 194 595 96 697 398 199 100 101 202 
102 405 311 723 747 195 891 883 67 835 171 443 187 75 651 403 107 915 331 763 827 355 211 523 347 395 291 683 667 35 571 243 787 275 51 203 707 115 731 563 427 555 611 323 947 595 691 483 267 235 971 43 387 475 451 3 307 315 131 363 27 755 11 123 547 795 91 283 867 435 371 843 987 675 851 803 907 515 531 163 627 955 411 923 147 995 491 83 467 635 771 643 587 875 251 603 507 715 931 963 227 
476 781 306 931 56 681 806 431 556 181 306 931 56 681 806 431 556 181 306 931 56 681 806 431 556 181 306 931 56 681 806 431 556 181 306 931 56 681 806 431 556 181 306 931 56 681 806 431 556 181 306 931 56 681 806 431 556 181 306 931 56 681 806 431 556 181 306 931 56 681 806 431 556 181 306 931 56 681 806 431 556 181 306 931 56 681 806 431 556 181 306 931 56 681 806 431 556 181 306 931 56 
307 768 809 830 231 412 773 714 635 936 17 278 119 940 141 122 283 24 745 846 727 788 429 50 51 832 793 334 855 756 437 298 739 160 961 542 303 644 965 666 147 808 49 270 871 252 813 954 75 576 857 318 359 380 781 962 323 264 185 486 567 828 669 490 691 672 833 574 295 396 277 338 979 600 601 382 343 884 405 306 987 848 289 710 511 92 853 194 515 216 697 358 599 820 421 802 363 504 625 126 407 
487 688 489 890 891 492 693 494 895 896 497 698 499 900 901 502 703 504 905 906 507 708 509 910 911 512 713 514 915 916 517 718 519 920 921 522 723 524 925 926 527 728 529 930 931 532 733 534 935 936 537 738 539 940 941 542 743 544 945 946 547 748 549 950 951 552 753 554 955 956 557 758 559 960 961 562 763 564 965 966 567 768 569 970 971 572 773 574 975 976 577 778 579 980 981 582 783 584 985 986 587 
568 745 336 89 688 705 16 529 208 865 296 769 128 225 176 809 448 785 656 649 168 545 736 289 288 505 416 729 808 665 696 969 728 25 576 9 48 585 56 849 768 345 136 489 888 305 816 929 408 465 96 169 328 825 976 209 648 385 456 49 368 145 536 689 488 105 216 129 8 265 496 369 928 625 376 409 248 185 856 249 968 945 936 889 88 905 616 329 608 65 896 569 528 425 776 609 848 985 256 449 568 
586 329 593 65 121 9 233 785 681 889 473 305 641 969 313 625 1 249 753 745 761 729 793 665 921 409 433 385 481 289 673 905 441 369 513 225 801 649 953 345 561 129 993 265 721 809 633 985 281 689 873 505 241 769 713 825 601 49 153 945 361 529 193 865 521 209 833 585 81 89 73 105 41 169 913 425 401 449 353 545 161 929 393 465 321 609 33 185 881 489 273 705 841 569 113 25 201 849 553 145 961 
410 531 124 493 70 311 864 913 930 691 404 733 990 671 744 953 250 251 884 573 710 431 824 593 370 211 564 13 230 591 104 833 290 571 444 53 550 151 584 673 10 331 524 693 670 111 264 113 530 491 804 933 590 471 144 153 850 51 284 773 310 231 224 793 970 11 964 213 830 391 504 33 890 371 844 253 150 951 984 873 610 131 924 893 270 911 664 313 130 291 204 133 190 271 544 353 450 851 684 973 910 
105 366 759 868 285 706 179 328 265 446 799 388 45 586 619 48 625 126 639 308 5 66 859 168 185 406 279 628 165 146 899 688 945 286 719 348 525 826 739 608 905 766 959 468 85 106 379 928 65 846 999 988 845 986 819 648 425 526 839 908 805 466 59 768 985 806 479 228 965 546 99 288 745 686 919 948 325 226 939 208 705 166 159 68 885 506 579 528 865 246 199 588 645 386 19 248 225 926 39 508 605 
527 823 279 495 71 607 703 959 975 351 687 583 639 455 631 767 463 319 935 911 847 343 999 415 191 927 223 679 895 471 7 103 359 375 751 87 983 39 855 31 167 863 719 335 311 247 743 399 815 591 327 623 79 295 871 407 503 759 775 151 487 383 439 255 431 567 263 119 735 711 647 143 799 215 991 727 23 479 695 271 807 903 159 175 551 887 783 839 655 831 967 663 519 135 111 47 543 199 615 391 127 
936 209 728 385 656 369 208 825 976 329 88 465 896 89 368 305 416 649 48 345 536 9 128 585 256 169 608 25 576 129 488 665 496 889 768 505 16 449 448 545 136 809 528 785 856 969 8 225 176 929 888 865 96 689 168 705 616 249 848 745 736 609 928 985 456 769 408 425 776 729 288 65 696 489 568 905 216 49 248 945 336 409 328 185 56 569 808 625 376 529 688 265 296 289 968 105 816 849 648 145 936 
209 946 331 756 381 6 631 256 881 506 131 756 381 6 631 256 881 506 131 756 381 6 631 256 881 506 131 756 381 6 631 256 881 506 131 756 381 6 631 256 881 506 131 756 381 6 631 256 881 506 131 756 381 6 631 256 881 506 131 756 381 6 631 256 881 506 131 756 381 6 631 256 881 506 131 756 381 6 631 256 881 506 131 756 381 6 631 256 881 506 131 756 381 6 631 256 881 506 131 756 381 
7 668 509 930 331 112 673 414 735 36 717 178 819 40 241 822 183 724 845 946 427 688 129 150 151 532 693 34 955 856 137 198 439 260 61 242 203 344 65 766 847 708 749 370 971 952 713 654 175 676 557 218 59 480 881 662 223 964 285 586 267 728 369 590 791 372 733 274 395 496 977 238 679 700 701 82 243 584 505 406 687 748 989 810 611 792 753 894 615 316 397 258 299 920 521 502 263 204 725 226 107 
268 341 206 31 656 281 906 531 156 781 406 31 656 281 906 531 156 781 406 31 656 281 906 531 156 781 406 31 656 281 906 531 156 781 406 31 656 281 906 531 156 781 406 31 656 281 906 531 156 781 406 31 656 281 906 531 156 781 406 31 656 281 906 531 156 781 406 31 656 281 906 531 156 781 406 31 656 281 906 531 156 781 406 31 656 281 906 531 156 781 406 31 656 281 906 531 156 781 406 31 656 
907 77 637 717 157 77 637 717 157 77 637 717 157 77 637 717 157 77 637 717 157 77 637 717 157 77 637 717 157 77 637 717 157 77 637 717 157 77 637 717 157 77 637 717 157 77 637 717 157 77 637 717 157 77 637 717 157 77 637 717 157 77 637 717 157 77 637 717 157 77 637 717 157 77 637 717 157 77 637 717 157 77 637 717 157 77 637 717 157 77 637 717 157 77 637 717 157 77 637 717 157 
158 647 140 181 298 827 800 601 838 807 60 221 778 587 920 41 118 167 380 61 858 547 440 281 998 727 100 701 538 707 360 321 478 487 220 141 818 67 680 161 558 447 740 381 698 627 400 801 238 607 660 421 178 387 520 241 518 967 980 261 258 347 40 481 398 527 700 901 938 507 960 521 878 287 820 341 218 867 280 361 958 247 340 581 98 427 1000 1 638 407 260 621 578 187 120 441 918 767 580 461 658 
628 589 70 471 192 633 194 275 276 597 638 799 480 81 2 643 404 685 886 407 648 9 890 691 812 653 614 95 496 217 658 219 300 301 622 663 824 505 106 27 668 429 710 911 432 673 34 915 716 837 678 639 120 521 242 683 244 325 326 647 688 849 530 131 52 693 454 735 936 457 698 59 940 741 862 703 664 145 546 267 708 269 350 351 672 713 874 555 156 77 718 479 760 961 482 723 84 965 766 887 728 
351 987 483 939 955 131 67 363 619 435 411 147 243 299 915 691 227 123 979 395 971 307 3 659 875 251 387 883 339 355 531 467 763 19 835 811 547 643 699 315 91 627 523 379 795 371 707 403 59 275 651 787 283 739 755 931 867 163 419 235 211 947 43 99 715 491 27 923 779 195 771 107 803 459 675 51 187 683 139 155 331 267 563 819 635 611 347 443 499 115 891 427 323 179 595 171 507 203 859 75 451 
268 253 168 353 68 453 968 553 868 653 768 753 668 853 568 953 468 53 368 153 268 253 168 353 68 453 968 553 868 653 768 753 668 853 568 953 468 53 368 153 268 253 168 353 68 453 968 553 868 653 768 753 668 853 568 953 468 53 368 153 268 253 168 353 68 453 968 553 868 653 768 753 668 853 568 953 468 53 368 153 268 253 168 353 68 453 968 553 868 653 768 753 668 853 568 953 468 53 368 153 268 
769 993 425 401 569 393 625 1 369 793 825 601 169 193 25 201 969 593 225 801 769 993 425 401 569 393 625 1 369 793 825 601 169 193 25 201 969 593 225 801 769 993 425 401 569 393 625 1 369 793 825 601 169 193 25 201 969 593 225 801 769 993 425 401 569 393 625 1 369 793 825 601 169 193 25 201 969 593 225 801 769 993 425 401 569 393 625 1 369 793 825 601 169 193 25 201 969 593 225 801 769 
402 987 892 557 902 487 392 57 402 987 892 557 902 487 392 57 402 987 892 557 902 487 392 57 402 987 892 557 902 487 392 57 402 987 892 557 902 487 392 57 402 987 892 557 902 487 392 57 402 987 892 557 902 487 392 57 402 987 892 557 902 487 392 57 402 987 892 557 902 487 392 57 402 987 892 557 902 487 392 57 402 987 892 557 902 487 392 57 402 987 892 557 902 487 392 57 402 987 892 557 902 
893 557 845 741 973 917 965 781 653 477 485 621 933 237 405 261 813 197 725 701 293 357 445 941 373 717 565 981 53 277 85 821 333 37 5 461 213 997 325 901 693 157 45 141 773 517 165 181 453 77 685 21 733 837 605 661 613 797 925 101 93 957 645 341 173 317 765 381 853 877 285 221 133 637 205 861 13 597 525 301 493 757 245 541 573 117 365 581 253 677 885 421 533 437 805 61 413 397 125 501 893 
22 607 812 277 722 707 112 177 422 807 412 77 122 907 712 977 822 7 12 877 522 107 312 777 222 207 612 677 922 307 912 577 622 407 212 477 322 507 512 377 22 607 812 277 722 707 112 177 422 807 412 77 122 907 712 977 822 7 12 877 522 107 312 777 222 207 612 677 922 307 912 577 622 407 212 477 322 507 512 377 22 607 812 277 722 707 112 177 422 807 412 77 122 907 712 977 822 7 12 877 522 
708 777 395 191 103 967 575 151 223 607 655 911 943 447 135 471 263 487 15 831 183 727 295 991 703 167 975 951 823 807 55 711 543 647 535 271 863 687 415 631 783 927 695 791 303 367 375 751 423 7 455 511 143 847 935 71 463 887 815 431 383 127 95 591 903 567 775 551 23 207 855 311 743 47 335 871 63 87 215 231 983 327 495 391 503 767 175 351 623 407 255 111 343 247 735 671 663 287 615 31 583 
728 417 400 801 48 457 280 161 968 697 560 321 488 137 240 281 608 777 320 41 328 617 800 601 648 657 680 961 568 897 960 121 88 337 640 81 208 977 720 841 928 817 200 401 248 857 80 761 168 97 360 921 688 537 40 881 808 177 120 641 528 17 600 201 848 57 480 561 768 297 760 721 288 737 440 681 408 377 520 441 128 217 1000 1 448 257 880 361 368 497 160 521 888 937 840 481 8 577 920 241 728 
489 90 91 492 293 494 95 96 497 298 499 100 101 502 303 504 105 106 507 308 509 110 111 512 313 514 115 116 517 318 519 120 121 522 323 524 125 126 527 328 529 130 131 532 333 534 135 136 537 338 539 140 141 542 343 544 145 146 547 348 549 150 151 552 353 554 155 156 557 358 559 160 161 562 363 564 165 166 567 368 569 170 171 572 373 574 175 176 577 378 579 180 181 582 383 584 185 186 587 388 589 
578 287 470 891 18 567 830 211 858 647 790 731 98 527 350 451 738 207 510 371 778 687 270 491 218 967 630 811 58 47 590 331 298 927 150 51 938 607 310 971 978 87 70 91 418 367 430 411 258 447 390 931 498 327 950 651 138 7 110 571 178 487 870 691 618 767 230 11 458 847 190 531 698 727 750 251 338 407 910 171 378 887 670 291 818 167 30 611 658 247 990 131 898 127 550 851 538 807 710 771 578 
819 731 771 571 571 571 571 571 571 571 571 571 571 571 571 571 571 571 571 571 571 571 571 571 571 571 571 571 571 571 571 571 571 571 571 571 571 571 571 571 571 571 571 571 571 571 571 571 571 571 571 571 571 571 571 571 571 571 571 571 571 571 571 571 571 571 571 571 571 571 571 571 571 571 571 571 571 571 571 571 571 571 571 571 571 571 571 571 571 571 571 571 571 571 571 571 571 571 571 571 571 
572 613 24 705 556 477 368 129 660 861 632 873 484 365 416 537 628 589 320 721 692 133 944 25 276 597 888 49 980 581 752 393 404 685 136 657 148 509 640 441 812 653 864 345 996 717 408 969 300 301 872 913 324 5 856 777 668 429 960 161 932 173 784 665 716 837 928 889 620 21 992 433 244 325 576 897 188 349 280 881 52 693 704 985 436 957 448 809 940 741 112 953 164 645 296 17 708 269 600 601 172 
633 425 401 129 713 665 121 289 193 105 441 249 73 745 361 9 353 585 881 569 33 625 1 929 113 865 721 89 593 305 41 49 473 945 961 809 753 785 481 369 433 825 601 729 513 65 321 889 993 505 641 849 873 145 561 609 153 985 81 169 833 25 201 529 913 265 921 689 393 705 241 649 273 345 161 409 553 185 681 969 233 225 801 329 313 465 521 489 793 905 841 449 673 545 761 209 953 385 281 769 633 
34 347 444 637 454 327 64 417 274 907 84 797 494 87 504 777 114 867 324 357 134 247 544 537 554 227 164 317 374 807 184 697 594 987 604 677 214 767 424 257 234 147 644 437 654 127 264 217 474 707 284 597 694 887 704 577 314 667 524 157 334 47 744 337 754 27 364 117 574 607 384 497 794 787 804 477 414 567 624 57 434 947 844 237 854 927 464 17 674 507 484 397 894 687 904 377 514 467 724 957 534 
425 451 55 471 135 791 415 911 895 831 575 551 455 71 535 391 815 511 295 431 975 151 855 671 935 991 215 111 695 31 375 751 255 271 335 591 615 711 95 631 775 351 655 871 735 191 15 311 495 231 175 951 55 471 135 791 415 911 895 831 575 551 455 71 535 391 815 511 295 431 975 151 855 671 935 991 215 111 695 31 375 751 255 271 335 591 615 711 95 631 775 351 655 871 735 191 15 311 495 231 175 
352 473 104 345 296 57 728 409 200 201 512 233 464 305 856 217 488 769 160 761 672 993 824 265 416 377 248 129 120 321 832 753 184 225 976 537 8 489 80 881 992 513 544 185 536 697 768 849 40 441 152 273 904 145 96 857 528 209 1000 1 312 33 264 105 656 17 288 569 960 561 472 793 624 65 216 177 48 929 920 121 632 553 984 25 776 337 808 289 880 681 792 313 344 985 336 497 568 649 840 241 952 
625 1 201 201 201 201 201 201 201 201 201 201 201 201 201 201 201 201 201 201 201 201 201 201 201 201 201 201 201 201 201 201 201 201 201 201 201 201 201 201 201 201 201 201 201 201 201 201 201 201 201 201 201 201 201 201 201 201 201 201 201 201 201 201 201 201 201 201 201 201 201 201 201 201 201 201 201 201 201 201 201 201 201 201 201 201 201 201 201 201 201 201 201 201 201 201 201 201 201 201 201 
202 603 204 5 6 207 608 209 10 11 212 613 214 15 16 217 618 219 20 21 222 623 224 25 26 227 628 229 30 31 232 633 234 35 36 237 638 239 40 41 242 643 244 45 46 247 648 249 50 51 252 653 254 55 56 257 658 259 60 61 262 663 264 65 66 267 668 269 70 71 272 673 274 75 76 277 678 279 80 81 282 683 284 85 86 287 688 289 90 91 292 693 294 95 96 297 698 299 100 101 302 
699 99 899 499 699 99 899 499 699 99 899 499 699 99 899 499 699 99 899 499 699 99 899 499 699 99 899 499 699 99 899 499 699 99 899 499 699 99 899 499 699 99 899 499 699 99 899 499 699 99 899 499 699 99 899 499 699 99 899 499 699 99 899 499 699 99 899 499 699 99 899 499 699 99 899 499 699 99 899 499 699 99 899 499 699 99 899 499 699 99 899 499 699 99 899 499 699 99 899 499 699 
900 101 600 401 300 701 1000 1 700 301 400 601 100 901 800 201 500 501 200 801 900 101 600 401 300 701 1000 1 700 301 400 601 100 901 800 201 500 501 200 801 900 101 600 401 300 701 1000 1 700 301 400 601 100 901 800 201 500 501 200 801 900 101 600 401 300 701 1000 1 700 301 400 601 100 901 800 201 500 501 200 801 900 101 600 401 300 701 1000 1 700 301 400 601 100 901 800 201 500 501 200 801 900 
901 802 603 304 905 406 807 108 309 410 411 312 113 814 415 916 317 618 819 920 921 822 623 324 925 426 827 128 329 430 431 332 133 834 435 936 337 638 839 940 941 842 643 344 945 446 847 148 349 450 451 352 153 854 455 956 357 658 859 960 961 862 663 364 965 466 867 168 369 470 471 372 173 874 475 976 377 678 879 980 981 882 683 384 985 486 887 188 389 490 491 392 193 894 495 996 397 698 899 1000 1 
895 131 115 811 35 291 155 571 475 651 995 531 715 211 635 691 755 971 75 51 595 931 315 611 235 91 355 371 675 451 195 331 915 11 835 491 955 771 275 851 795 731 515 411 435 891 555 171 875 251 395 131 115 811 35 291 155 571 475 651 995 531 715 211 635 691 755 971 75 51 595 931 315 611 235 91 355 371 675 451 195 331 915 11 835 491 955 771 275 851 795 731 515 411 435 891 555 171 875 251 395 
452 661 256 481 356 981 856 481 356 981 856 481 356 981 856 481 356 981 856 481 356 981 856 481 356 981 856 481 356 981 856 481 356 981 856 481 356 981 856 481 356 981 856 481 356 981 856 481 356 981 856 481 356 981 856 481 356 981 856 481 356 981 856 481 356 981 856 481 356 981 856 481 356 981 856 481 356 981 856 481 356 981 856 481 356 981 856 481 356 981 856 481 356 981 856 481 356 981 856 481 356 
482 593 609 305 81 337 473 889 985 161 817 353 169 665 241 297 233 449 345 321 777 113 729 25 401 257 993 9 705 481 737 873 289 385 561 217 753 569 65 641 697 633 849 745 721 177 513 129 425 801 657 393 409 105 881 137 273 689 785 961 617 153 969 465 41 97 33 249 145 121 577 913 529 825 201 57 793 809 505 281 537 673 89 185 361 17 553 369 865 441 497 433 649 545 521 977 313 929 225 601 457 
434 451 676 301 926 551 176 801 426 51 676 301 926 551 176 801 426 51 676 301 926 551 176 801 426 51 676 301 926 551 176 801 426 51 676 301 926 551 176 801 426 51 676 301 926 551 176 801 426 51 676 301 926 551 176 801 426 51 676 301 926 551 176 801 426 51 676 301 926 551 176 801 426 51 676 301 926 551 176 801 426 51 676 301 926 551 176 801 426 51 676 301 926 551 176 801 426 51 676 301 926 
552 153 304 505 256 57 408 809 760 761 312 913 64 265 16 817 168 569 520 521 72 673 824 25 776 577 928 329 280 281 832 433 584 785 536 337 688 89 40 41 592 193 344 545 296 97 448 849 800 801 352 953 104 305 56 857 208 609 560 561 112 713 864 65 816 617 968 369 320 321 872 473 624 825 576 377 728 129 80 81 632 233 384 585 336 137 488 889 840 841 392 993 144 345 96 897 248 649 600 601 152 
98 905 441 569 913 25 201 49 953 945 361 729 593 665 921 609 833 185 881 689 673 505 241 969 113 625 1 449 153 545 161 129 793 265 721 9 33 785 681 89 873 105 41 369 313 225 801 849 353 145 961 529 993 865 521 409 233 385 481 489 73 705 841 769 513 825 601 249 553 745 761 929 193 465 321 809 433 985 281 889 273 305 641 169 713 425 401 649 753 345 561 329 393 65 121 209 633 585 81 289 473 
634 443 660 581 854 303 840 921 274 763 820 661 894 823 600 801 714 483 180 341 734 743 560 281 954 603 740 621 374 63 720 361 994 123 500 501 814 783 80 41 834 43 460 981 54 903 640 321 474 363 620 61 94 423 400 201 914 83 980 741 934 343 360 681 154 203 540 21 574 663 520 761 194 723 300 901 14 383 880 441 34 643 260 381 254 503 440 721 674 963 420 461 294 23 200 601 114 683 780 141 134 
124 681 421 221 221 221 221 221 221 221 221 221 221 221 221 221 221 221 221 221 221 221 221 221 221 221 221 221 221 221 221 221 221 221 221 221 221 221 221 221 221 221 221 221 221 221 221 221 221 221 221 221 221 221 221 221 221 221 221 221 221 221 221 221 221 221 221 221 221 221 221 221 221 221 221 221 221 221 221 221 221 221 221 221 221 221 221 221 221 221 221 221 221 221 221 221 221 221 221 221 221 
222 63 924 205 306 627 568 529 910 111 532 573 634 115 416 937 78 239 820 221 842 83 344 25 526 247 588 949 730 331 152 593 54 935 636 557 98 659 640 441 462 103 764 845 746 867 608 369 550 551 772 613 474 755 856 177 118 79 460 661 82 123 184 665 966 487 628 789 370 771 392 633 894 575 76 797 138 499 280 881 702 143 604 485 186 107 648 209 190 991 12 653 314 395 296 417 158 919 100 101 322 
124 405 506 827 768 729 110 311 732 773 834 315 616 137 278 439 20 421 42 283 544 225 726 447 788 149 930 531 352 793 254 135 836 757 298 859 840 641 662 303 964 45 946 67 808 569 750 751 972 813 674 955 56 377 318 279 660 861 282 323 384 865 166 687 828 989 570 971 592 833 94 775 276 997 338 699 480 81 902 343 804 685 386 307 848 409 390 191 212 853 514 595 496 617 358 119 300 301 522 363 224 
225 676 309 448 785 156 149 168 545 236 789 288 505 916 229 808 665 196 469 728 25 76 509 48 585 556 349 768 345 636 989 888 305 316 429 408 465 596 669 328 825 476 709 648 385 956 549 368 145 36 189 488 105 716 629 8 265 996 869 928 625 876 909 248 185 356 749 968 945 436 389 88 905 116 829 608 65 396 69 528 425 276 109 848 985 756 949 568 745 836 589 688 705 516 29 208 865 796 269 128 225 
437 613 189 165 541 317 493 69 45 421 197 373 949 925 301 77 253 829 805 181 957 133 709 685 61 837 13 589 565 941 717 893 469 445 821 597 773 349 325 701 477 653 229 205 581 357 533 109 85 461 237 413 989 965 341 117 293 869 845 221 997 173 749 725 101 877 53 629 605 981 757 933 509 485 861 637 813 389 365 741 517 693 269 245 621 397 573 149 125 501 277 453 29 5 381 157 333 909 885 261 37 
198 479 420 621 682 203 784 25 526 887 708 589 130 931 592 713 894 735 836 797 218 699 840 241 502 223 4 445 146 707 728 809 550 551 412 733 114 155 456 617 238 919 260 861 322 243 224 865 766 527 748 29 970 171 232 753 334 575 76 437 258 139 680 481 142 263 444 285 386 347 768 249 390 791 52 773 554 995 696 257 278 359 100 101 962 283 664 705 6 167 788 469 810 411 872 793 774 415 316 77 298 
792 433 44 525 776 697 188 149 480 81 852 693 504 185 636 757 448 609 140 941 912 953 964 845 496 817 708 69 800 801 972 213 424 505 356 877 968 529 460 661 32 473 884 165 216 937 228 989 120 521 92 733 344 825 76 997 488 449 780 381 152 993 804 485 936 57 748 909 440 241 212 253 264 145 796 117 8 369 100 101 272 513 724 805 656 177 268 829 760 961 332 773 184 465 516 237 528 289 420 821 392 
425 101 413 557 85 21 453 37 845 141 893 317 205 461 733 397 165 981 973 277 725 701 613 957 885 621 653 437 645 741 93 717 5 61 933 797 965 581 173 677 525 301 813 357 685 221 853 837 445 341 293 117 805 661 133 197 765 181 373 77 325 901 13 757 485 821 53 237 245 941 493 517 605 261 333 597 565 781 573 477 125 501 213 157 285 421 253 637 45 541 693 917 405 861 533 997 365 381 773 877 925 
926 919 668 525 826 619 768 825 726 319 868 125 626 19 968 425 526 719 68 725 426 419 168 25 326 119 268 325 226 819 368 625 126 519 468 925 26 219 568 225 926 919 668 525 826 619 768 825 726 319 868 125 626 19 968 425 526 719 68 725 426 419 168 25 326 119 268 325 226 819 368 625 126 519 468 925 26 219 568 225 926 919 668 525 826 619 768 825 726 319 868 125 626 19 968 425 526 719 68 725 426 
969 812 629 352 889 292 749 632 209 372 269 512 929 52 189 992 49 332 509 72 569 212 229 752 489 692 349 32 809 772 869 912 529 452 789 392 649 732 109 472 169 612 829 152 89 92 949 432 409 172 469 312 129 852 389 792 249 132 709 872 769 12 429 552 689 492 549 832 9 572 69 712 729 252 989 192 849 532 309 272 369 412 29 952 289 892 149 232 609 972 669 112 329 652 589 592 449 932 909 672 969 
353 357 565 381 813 277 405 61 173 997 845 941 933 517 885 21 93 837 525 301 653 957 765 781 613 877 605 461 973 597 45 341 733 117 85 421 893 437 725 701 453 557 965 181 413 477 805 861 773 197 245 741 533 717 285 821 693 37 925 101 253 157 165 581 213 77 5 261 573 797 445 141 333 317 485 221 493 637 125 501 53 757 365 981 13 677 205 661 373 397 645 541 133 917 685 621 293 237 325 901 853 
718 695 436 389 338 155 616 329 358 815 396 69 778 675 776 609 598 735 756 949 818 995 336 89 438 455 516 29 458 115 296 769 878 975 676 309 698 35 656 649 918 295 236 789 538 755 416 729 558 415 196 469 978 275 576 9 798 335 556 349 18 595 136 489 638 55 316 429 658 715 96 169 78 575 476 709 898 635 456 49 118 895 36 189 738 355 216 129 758 15 996 869 178 875 376 409 998 935 356 749 218 
876 209 723 135 831 599 343 95 511 39 863 255 791 279 783 615 671 319 103 175 151 159 823 935 231 799 943 895 911 239 463 55 191 479 383 415 71 519 703 975 551 359 423 735 631 999 543 695 311 439 63 855 591 679 983 215 471 719 303 775 951 559 23 535 31 199 143 495 711 639 663 655 991 879 583 15 871 919 903 575 351 759 623 335 431 399 743 295 111 839 263 455 391 79 183 815 271 119 503 375 751 
440 521 144 553 600 801 384 473 960 681 424 793 520 161 264 513 280 241 904 633 240 921 344 153 400 201 584 73 760 81 624 393 320 561 464 113 80 641 104 233 40 321 544 753 200 601 784 673 560 481 824 993 120 961 664 713 880 41 304 833 840 721 744 353 1000 1 984 273 360 881 24 593 920 361 864 313 680 441 504 433 640 121 944 953 800 401 184 873 160 281 224 193 720 761 64 913 480 841 704 33 440 
514 97 809 977 129 457 849 537 969 217 489 497 409 377 729 857 449 937 569 617 89 897 9 777 329 257 49 337 169 17 689 297 609 177 929 657 649 737 769 417 289 697 209 577 529 57 249 137 369 817 889 97 809 977 129 457 849 537 969 217 489 497 409 377 729 857 449 937 569 617 89 897 9 777 329 257 49 337 169 17 689 297 609 177 929 657 649 737 769 417 289 697 209 577 529 57 249 137 369 817 889 
250 251 100 901 950 551 800 201 650 851 500 501 350 151 200 801 50 451 900 101 750 751 600 401 450 51 300 701 150 351 1000 1 850 651 700 301 550 951 400 601 250 251 100 901 950 551 800 201 650 851 500 501 350 151 200 801 50 451 900 101 750 751 600 401 450 51 300 701 150 351 1000 1 850 651 700 301 550 951 400 601 250 251 100 901 950 551 800 201 650 851 500 501 350 151 200 801 50 451 900 101 750 
902 403 154 655 406 907 658 159 910 411 162 663 414 915 666 167 918 419 170 671 422 923 674 175 926 427 178 679 430 931 682 183 934 435 186 687 438 939 690 191 942 443 194 695 446 947 698 199 950 451 202 703 454 955 706 207 958 459 210 711 462 963 714 215 966 467 218 719 470 971 722 223 974 475 226 727 478 979 730 231 982 483 234 735 486 987 738 239 990 491 242 743 494 995 746 247 998 499 250 751 502 
155 906 607 758 859 410 911 862 763 114 415 166 867 18 119 670 171 122 23 374 675 426 127 278 379 930 431 382 283 634 935 686 387 538 639 190 691 642 543 894 195 946 647 798 899 450 951 902 803 154 455 206 907 58 159 710 211 162 63 414 715 466 167 318 419 970 471 422 323 674 975 726 427 578 679 230 731 682 583 934 235 986 687 838 939 490 991 942 843 194 495 246 947 98 199 750 251 202 103 454 755 
156 713 127 555 611 123 947 195 891 683 67 435 371 643 987 275 51 3 707 715 931 763 227 755 11 923 547 395 291 483 667 635 771 443 587 475 451 803 307 915 331 563 827 955 411 723 147 595 691 283 267 835 171 243 187 675 851 603 907 115 731 363 427 155 811 523 747 795 91 83 867 35 571 43 787 875 251 403 507 315 131 163 27 355 211 323 347 995 491 883 467 235 971 843 387 75 651 203 107 515 531 
244 429 24 289 844 629 424 89 444 829 824 889 44 29 224 689 644 229 624 489 244 429 24 289 844 629 424 89 444 829 824 889 44 29 224 689 644 229 624 489 244 429 24 289 844 629 424 89 444 829 824 889 44 29 224 689 644 229 624 489 244 429 24 289 844 629 424 89 444 829 824 889 44 29 224 689 644 229 624 489 244 429 24 289 844 629 424 89 444 829 824 889 44 29 224 689 644 229 624 489 244 
845 181 765 661 885 941 205 21 725 901 445 581 365 61 485 341 805 421 325 301 45 981 965 461 85 741 405 821 925 701 645 381 565 861 685 141 5 221 525 101 245 781 165 261 285 541 605 621 125 501 845 181 765 661 885 941 205 21 725 901 445 581 365 61 485 341 805 421 325 301 45 981 965 461 85 741 405 821 925 701 645 381 565 861 685 141 5 221 525 101 245 781 165 261 285 541 605 621 125 501 845 
702 511 556 781 906 531 656 281 406 31 156 781 906 531 656 281 406 31 156 781 906 531 656 281 406 31 156 781 906 531 656 281 406 31 156 781 906 531 656 281 406 31 156 781 906 531 656 281 406 31 156 781 906 531 656 281 406 31 156 781 906 531 656 281 406 31 156 781 906 531 656 281 406 31 156 781 906 531 656 281 406 31 156 781 906 531 656 281 406 31 156 781 906 531 656 281 406 31 156 781 906 
32 993 284 805 456 137 748 189 360 161 492 253 344 665 116 597 8 249 220 821 952 513 404 525 776 57 268 309 80 481 412 773 464 385 436 517 528 369 940 141 872 33 524 245 96 977 788 429 800 801 332 293 584 105 756 437 48 489 660 461 792 553 644 965 416 897 308 549 520 121 252 813 704 825 76 357 568 609 380 781 712 73 764 685 736 817 828 669 240 441 172 333 824 545 396 277 88 729 100 101 632 
670 561 349 533 845 461 549 133 645 861 749 733 445 261 949 333 245 661 149 933 45 61 349 533 845 461 549 133 645 861 749 733 445 261 949 333 245 661 149 933 45 61 349 533 845 461 549 133 645 861 749 733 445 261 949 333 245 661 149 933 45 61 349 533 845 461 549 133 645 861 749 733 445 261 949 333 245 661 149 933 45 61 349 533 845 461 549 133 645 861 749 733 445 261 949 333 245 661 149 933 45 
46 255 996 805 946 355 896 905 846 455 796 5 746 555 696 105 646 655 596 205 546 755 496 305 446 855 396 405 346 955 296 505 246 55 196 605 146 155 96 705 46 255 996 805 946 355 896 905 846 455 796 5 746 555 696 105 646 655 596 205 546 755 496 305 446 855 396 405 346 955 296 505 246 55 196 605 146 155 96 705 46 255 996 805 946 355 896 905 846 455 796 5 746 555 696 105 646 655 596 205 546 
906 77 843 479 135 711 607 223 959 215 391 887 103 439 295 71 167 983 919 375 751 447 863 399 455 431 727 743 879 535 111 7 623 359 615 791 287 503 839 695 471 567 383 319 775 151 847 263 799 855 831 127 143 279 935 511 407 23 759 15 191 687 903 239 95 871 967 783 719 175 551 247 663 199 255 231 527 543 679 335 911 807 423 159 415 591 87 303 639 495 271 367 183 119 575 951 647 63 599 655 631 
984 953 360 81 744 233 200 601 304 913 240 721 664 993 480 441 824 473 920 761 784 353 560 681 544 633 400 201 104 313 440 321 464 393 680 41 624 873 120 361 584 753 760 281 344 33 600 801 904 713 640 921 264 793 880 641 424 273 320 961 384 153 960 881 144 433 800 401 704 113 840 521 64 193 80 241 224 673 520 561 184 553 160 481 944 833 1000 1 504 513 40 121 864 593 280 841 24 73 720 161 984 
282 403 884 325 326 487 408 689 930 731 692 413 494 535 136 897 418 299 140 541 102 423 104 745 946 307 428 909 350 351 512 433 714 955 756 717 438 519 560 161 922 443 324 165 566 127 448 129 770 971 332 453 934 375 376 537 458 739 980 781 742 463 544 585 186 947 468 349 190 591 152 473 154 795 996 357 478 959 400 401 562 483 764 5 806 767 488 569 610 211 972 493 374 215 616 177 498 179 820 21 382 
821 183 787 955 611 363 347 475 451 643 107 395 91 523 67 715 531 3 227 435 771 83 587 555 811 763 147 75 651 43 907 995 291 923 867 315 731 403 27 35 971 483 387 155 11 163 947 675 851 443 707 595 491 323 667 915 931 803 827 635 171 883 187 755 211 563 747 275 51 843 507 195 691 723 467 515 131 203 627 235 371 283 987 355 411 963 547 875 251 243 307 795 891 123 267 115 331 603 427 835 571 
132 581 16 41 916 541 416 41 916 541 416 41 916 541 416 41 916 541 416 41 916 541 416 41 916 541 416 41 916 541 416 41 916 541 416 41 916 541 416 41 916 541 416 41 916 541 416 41 916 541 416 41 916 541 416 41 916 541 416 41 916 541 416 41 916 541 416 41 916 541 416 41 916 541 416 41 916 541 416 41 916 541 416 41 916 541 416 41 916 541 416 41 916 541 416 41 916 541 416 41 916 
42 473 269 405 981 597 853 349 685 461 277 733 429 965 941 957 613 509 245 421 637 493 589 525 901 317 373 669 805 381 997 253 749 85 861 677 133 829 365 341 357 13 909 645 821 37 893 989 925 301 717 773 69 205 781 397 653 149 485 261 77 533 229 765 741 757 413 309 45 221 437 293 389 325 701 117 173 469 605 181 797 53 549 885 661 477 933 629 165 141 157 813 709 445 621 837 693 789 725 101 517 
310 191 660 341 10 491 360 641 710 791 60 941 410 91 760 241 110 391 460 541 810 691 160 841 510 991 860 141 210 291 560 441 910 591 260 741 610 891 960 41 310 191 660 341 10 491 360 641 710 791 60 941 410 91 760 241 110 391 460 541 810 691 160 841 510 991 860 141 210 291 560 441 910 591 260 741 610 891 960 41 310 191 660 341 10 491 360 641 710 791 60 941 410 91 760 241 110 391 460 541 810 
11 961 961 961 961 961 961 961 961 961 961 961 961 961 961 961 961 961 961 961 961 961 961 961 961 961 961 961 961 961 961 961 961 961 961 961 961 961 961 961 961 961 961 961 961 961 961 961 961 961 961 961 961 961 961 961 961 961 961 961 961 961 961 961 961 961 961 961 961 961 961 961 961 961 961 961 961 961 961 961 961 961 961 961 961 961 961 961 961 961 961 961 961 961 961 961 961 961 961 961 961 
962 483 164 605 406 167 488 969 210 811 372 493 774 815 216 577 498 579 420 621 782 503 384 25 26 987 508 189 630 431 192 513 994 235 836 397 518 799 840 241 602 523 604 445 646 807 528 409 50 51 12 533 214 655 456 217 538 19 260 861 422 543 824 865 266 627 548 629 470 671 832 553 434 75 76 37 558 239 680 481 242 563 44 285 886 447 568 849 890 291 652 573 654 495 696 857 578 459 100 101 62 
240 361 255 571 195 731 435 91 475 651 315 411 955 371 395 531 635 891 675 451 515 211 155 171 595 331 835 691 875 251 715 11 355 971 795 131 35 491 75 51 915 811 555 771 995 931 235 291 275 851 115 611 755 571 195 731 435 91 475 651 315 411 955 371 395 531 635 891 675 451 515 211 155 171 595 331 835 691 875 251 715 11 355 971 795 131 35 491 75 51 915 811 555 771 995 931 235 291 275 851 115 
196 181 856 481 356 981 856 481 356 981 856 481 356 981 856 481 356 981 856 481 356 981 856 481 356 981 856 481 356 981 856 481 356 981 856 481 356 981 856 481 356 981 856 481 356 981 856 481 356 981 856 481 356 981 856 481 356 981 856 481 356 981 856 481 356 981 856 481 356 981 856 481 356 981 856 481 356 981 856 481 356 981 856 481 356 981 856 481 356 981 856 481 356 981 856 481 356 981 856 481 356 
482 593 609 305 81 337 473 889 985 161 817 353 169 665 241 297 233 449 345 321 777 113 729 25 401 257 993 9 705 481 737 873 289 385 561 217 753 569 65 641 697 633 849 745 721 177 513 129 425 801 657 393 409 105 881 137 273 689 785 961 617 153 969 465 41 97 33 249 145 121 577 913 529 825 201 57 793 809 505 281 537 673 89 185 361 17 553 369 865 441 497 433 649 545 521 977 313 929 225 601 457 
434 451 676 301 926 551 176 801 426 51 676 301 926 551 176 801 426 51 676 301 926 551 176 801 426 51 676 301 926 551 176 801 426 51 676 301 926 551 176 801 426 51 676 301 926 551 176 801 426 51 676 301 926 551 176 801 426 51 676 301 926 551 176 801 426 51 676 301 926 551 176 801 426 51 676 301 926 551 176 801 426 51 676 301 926 551 176 801 426 51 676 301 926 551 176 801 426 51 676 301 926 
552 153 304 505 256 57 408 809 760 761 312 913 64 265 16 817 168 569 520 521 72 673 824 25 776 577 928 329 280 281 832 433 584 785 536 337 688 89 40 41 592 193 344 545 296 97 448 849 800 801 352 953 104 305 56 857 208 609 560 561 112 713 864 65 816 617 968 369 320 321 872 473 624 825 576 377 728 129 80 81 632 233 384 585 336 137 488 889 840 841 392 993 144 345 96 897 248 649 600 601 152 
98 905 441 569 913 25 201 49 953 945 361 729 593 665 921 609 833 185 881 689 673 505 241 969 113 625 1 449 153 545 161 129 793 265 721 9 33 785 681 89 873 105 41 369 313 225 801 849 353 145 961 529 993 865 521 409 233 385 481 489 73 705 841 769 513 825 601 249 553 745 761 929 193 465 321 809 433 985 281 889 273 305 641 169 713 425 401 649 753 345 561 329 393 65 121 209 633 585 81 289 473 
634 443 660 581 854 303 840 921 274 763 820 661 894 823 600 801 714 483 180 341 734 743 560 281 954 603 740 621 374 63 720 361 994 123 500 501 814 783 80 41 834 43 460 981 54 903 640 321 474 363 620 61 94 423 400 201 914 83 980 741 934 343 360 681 154 203 540 21 574 663 520 761 194 723 300 901 14 383 880 441 34 643 260 381 254 503 440 721 674 963 420 461 294 23 200 601 114 683 780 141 134 
124 681 421 221 221 221 221 221 221 221 221 221 221 221 221 221 221 221 221 221 221 221 221 221 221 221 221 221 221 221 221 221 221 221 221 221 221 221 221 221 221 221 221 221 221 221 221 221 221 221 221 221 221 221 221 221 221 221 221 221 221 221 221 221 221 221 221 221 221 221 221 221 221 221 221 221 221 221 221 221 221 221 221 221 221 221 221 221 221 221 221 221 221 221 221 221 221 221 221 221 221 
222 63 924 205 306 627 568 529 910 111 532 573 634 115 416 937 78 239 820 221 842 83 344 25 526 247 588 949 730 331 152 593 54 935 636 557 98 659 640 441 462 103 764 845 746 867 608 369 550 551 772 613 474 755 856 177 118 79 460 661 82 123 184 665 966 487 628 789 370 771 392 633 894 575 76 797 138 499 280 881 702 143 604 485 186 107 648 209 190 991 12 653 314 395 296 417 158 919 100 101 322 
124 405 506 827 768 729 110 311 732 773 834 315 616 137 278 439 20 421 42 283 544 225 726 447 788 149 930 531 352 793 254 135 836 757 298 859 840 641 662 303 964 45 946 67 808 569 750 751 972 813 674 955 56 377 318 279 660 861 282 323 384 865 166 687 828 989 570 971 592 833 94 775 276 997 338 699 480 81 902 343 804 685 386 307 848 409 390 191 212 853 514 595 496 617 358 119 300 301 522 363 224 
225 676 309 448 785 156 149 168 545 236 789 288 505 916 229 808 665 196 469 728 25 76 509 48 585 556 349 768 345 636 989 888 305 316 429 408 465 596 669 328 825 476 709 648 385 956 549 368 145 36 189 488 105 716 629 8 265 996 869 928 625 876 909 248 185 356 749 968 945 436 389 88 905 116 829 608 65 396 69 528 425 276 109 848 985 756 949 568 745 836 589 688 705 516 29 208 865 796 269 128 225 
437 613 189 165 541 317 493 69 45 421 197 373 949 925 301 77 253 829 805 181 957 133 709 685 61 837 13 589 565 941 717 893 469 445 821 597 773 349 325 701 477 653 229 205 581 357 533 109 85 461 237 413 989 965 341 117 293 869 845 221 997 173 749 725 101 877 53 629 605 981 757 933 509 485 861 637 813 389 365 741 517 693 269 245 621 397 573 149 125 501 277 453 29 5 381 157 333 909 885 261 37 
198 479 420 621 682 203 784 25 526 887 708 589 130 931 592 713 894 735 836 797 218 699 840 241 502 223 4 445 146 707 728 809 550 551 412 733 114 155 456 617 238 919 260 861 322 243 224 865 766 527 748 29 970 171 232 753 334 575 76 437 258 139 680 481 142 263 444 285 386 347 768 249 390 791 52 773 554 995 696 257 278 359 100 101 962 283 664 705 6 167 788 469 810 411 872 793 774 415 316 77 298 
792 433 44 525 776 697 188 149 480 81 852 693 504 185 636 757 448 609 140 941 912 953 964 845 496 817 708 69 800 801 972 213 424 505 356 877 968 529 460 661 32 473 884 165 216 937 228 989 120 521 92 733 344 825 76 997 488 449 780 381 152 993 804 485 936 57 748 909 440 241 212 253 264 145 796 117 8 369 100 101 272 513 724 805 656 177 268 829 760 961 332 773 184 465 516 237 528 289 420 821 392 
425 101 413 557 85 21 453 37 845 141 893 317 205 461 733 397 165 981 973 277 725 701 613 957 885 621 653 437 645 741 93 717 5 61 933 797 965 581 173 677 525 301 813 357 685 221 853 837 445 341 293 117 805 661 133 197 765 181 373 77 325 901 13 757 485 821 53 237 245 941 493 517 605 261 333 597 565 781 573 477 125 501 213 157 285 421 253 637 45 541 693 917 405 861 533 997 365 381 773 877 925 
926 919 668 525 826 619 768 825 726 319 868 125 626 19 968 425 526 719 68 725 426 419 168 25 326 119 268 325 226 819 368 625 126 519 468 925 26 219 568 225 926 919 668 525 826 619 768 825 726 319 868 125 626 19 968 425 526 719 68 725 426 419 168 25 326 119 268 325 226 819 368 625 126 519 468 925 26 219 568 225 926 919 668 525 826 619 768 825 726 319 868 125 626 19 968 425 526 719 68 725 426 
969 812 629 352 889 292 749 632 209 372 269 512 929 52 189 992 49 332 509 72 569 212 229 752 489 692 349 32 809 772 869 912 529 452 789 392 649 732 109 472 169 612 829 152 89 92 949 432 409 172 469 312 129 852 389 792 249 132 709 872 769 12 429 552 689 492 549 832 9 572 69 712 729 252 989 192 849 532 309 272 369 412 29 952 289 892 149 232 609 972 669 112 329 652 589 592 449 932 909 672 969 
353 357 565 381 813 277 405 61 173 997 845 941 933 517 885 21 93 837 525 301 653 957 765 781 613 877 605 461 973 597 45 341 733 117 85 421 893 437 725 701 453 557 965 181 413 477 805 861 773 197 245 741 533 717 285 821 693 37 925 101 253 157 165 581 213 77 5 261 573 797 445 141 333 317 485 221 493 637 125 501 53 757 365 981 13 677 205 661 373 397 645 541 133 917 685 621 293 237 325 901 853 
718 695 436 389 338 155 616 329 358 815 396 69 778 675 776 609 598 735 756 949 818 995 336 89 438 455 516 29 458 115 296 769 878 975 676 309 698 35 656 649 918 295 236 789 538 755 416 729 558 415 196 469 978 275 576 9 798 335 556 349 18 595 136 489 638 55 316 429 658 715 96 169 78 575 476 709 898 635 456 49 118 895 36 189 738 355 216 129 758 15 996 869 178 875 376 409 998 935 356 749 218 
876 209 723 135 831 599 343 95 511 39 863 255 791 279 783 615 671 319 103 175 151 159 823 935 231 799 943 895 911 239 463 55 191 479 383 415 71 519 703 975 551 359 423 735 631 999 543 695 311 439 63 855 591 679 983 215 471 719 303 775 951 559 23 535 31 199 143 495 711 639 663 655 991 879 583 15 871 919 903 575 351 759 623 335 431 399 743 295 111 839 263 455 391 79 183 815 271 119 503 375 751 
440 521 144 553 600 801 384 473 960 681 424 793 520 161 264 513 280 241 904 633 240 921 344 153 400 201 584 73 760 81 624 393 320 561 464 113 80 641 104 233 40 321 544 753 200 601 784 673 560 481 824 993 120 961 664 713 880 41 304 833 840 721 744 353 1000 1 984 273 360 881 24 593 920 361 864 313 680 441 504 433 640 121 944 953 800 401 184 873 160 281 224 193 720 761 64 913 480 841 704 33 440 
514 97 809 977 129 457 849 537 969 217 489 497 409 377 729 857 449 937 569 617 89 897 9 777 329 257 49 337 169 17 689 297 609 177 929 657 649 737 769 417 289 697 209 577 529 57 249 137 369 817 889 97 809 977 129 457 849 537 969 217 489 497 409 377 729 857 449 937 569 617 89 897 9 777 329 257 49 337 169 17 689 297 609 177 929 657 649 737 769 417 289 697 209 577 529 57 249 137 369 817 889 
250 251 100 901 950 551 800 201 650 851 500 501 350 151 200 801 50 451 900 101 750 751 600 401 450 51 300 701 150 351 1000 1 850 651 700 301 550 951 400 601 250 251 100 901 950 551 800 201 650 851 500 501 350 151 200 801 50 451 900 101 750 751 600 401 450 51 300 701 150 351 1000 1 850 651 700 301 550 951 400 601 250 251 100 901 950 551 800 201 650 851 500 501 350 151 200 801 50 451 900 101 750 
902 403 154 655 406 907 658 159 910 411 162 663 414 915 666 167 918 419 170 671 422 923 674 175 926 427 178 679 430 931 682 183 934 435 186 687 438 939 690 191 942 443 194 695 446 947 698 199 950 451 202 703 454 955 706 207 958 459 210 711 462 963 714 215 966 467 218 719 470 971 722 223 974 475 226 727 478 979 730 231 982 483 234 735 486 987 738 239 990 491 242 743 494 995 746 247 998 499 250 751 502 
155 906 607 758 859 410 911 862 763 114 415 166 867 18 119 670 171 122 23 374 675 426 127 278 379 930 431 382 283 634 935 686 387 538 639 190 691 642 543 894 195 946 647 798 899 450 951 902 803 154 455 206 907 58 159 710 211 162 63 414 715 466 167 318 419 970 471 422 323 674 975 726 427 578 679 230 731 682 583 934 235 986 687 838 939 490 991 942 843 194 495 246 947 98 199 750 251 202 103 454 755 
156 713 127 555 611 123 947 195 891 683 67 435 371 643 987 275 51 3 707 715 931 763 227 755 11 923 547 395 291 483 667 635 771 443 587 475 451 803 307 915 331 563 827 955 411 723 147 595 691 283 267 835 171 243 187 675 851 603 907 115 731 363 427 155 811 523 747 795 91 83 867 35 571 43 787 875 251 403 507 315 131 163 27 355 211 323 347 995 491 883 467 235 971 843 387 75 651 203 107 515 531 
244 429 24 289 844 629 424 89 444 829 824 889 44 29 224 689 644 229 624 489 244 429 24 289 844 629 424 89 444 829 824 889 44 29 224 689 644 229 624 489 244 429 24 289 844 629 424 89 444 829 824 889 44 29 224 689 644 229 624 489 244 429 24 289 844 629 424 89 444 829 824 889 44 29 224 689 644 229 624 489 244 429 24 289 844 629 424 89 444 829 824 889 44 29 224 689 644 229 624 489 244 
845 181 765 661 885 941 205 21 725 901 445 581 365 61 485 341 805 421 325 301 45 981 965 461 85 741 405 821 925 701 645 381 565 861 685 141 5 221 525 101 245 781 165 261 285 541 605 621 125 501 845 181 765 661 885 941 205 21 725 901 445 581 365 61 485 341 805 421 325 301 45 981 965 461 85 741 405 821 925 701 645 381 565 861 685 141 5 221 525 101 245 781 165 261 285 541 605 621 125 501 845 
702 511 556 781 906 531 656 281 406 31 156 781 906 531 656 281 406 31 156 781 906 531 656 281 406 31 156 781 906 531 656 281 406 31 156 781 906 531 656 281 406 31 156 781 906 531 656 281 406 31 156 781 906 531 656 281 406 31 156 781 906 531 656 281 406 31 156 781 906 531 656 281 406 31 156 781 906 531 656 281 406 31 156 781 906 531 656 281 406 31 156 781 906 531 656 281 406 31 156 781 906 
32 993 284 805 456 137 748 189 360 161 492 253 344 665 116 597 8 249 220 821 952 513 404 525 776 57 268 309 80 481 412 773 464 385 436 517 528 369 940 141 872 33 524 245 96 977 788 429 800 801 332 293 584 105 756 437 48 489 660 461 792 553 644 965 416 897 308 549 520 121 252 813 704 825 76 357 568 609 380 781 712 73 764 685 736 817 828 669 240 441 172 333 824 545 396 277 88 729 100 101 632 
670 561 349 533 845 461 549 133 645 861 749 733 445 261 949 333 245 661 149 933 45 61 349 533 845 461 549 133 645 861 749 733 445 261 949 333 245 661 149 933 45 61 349 533 845 461 549 133 645 861 749 733 445 261 949 333 245 661 149 933 45 61 349 533 845 461 549 133 645 861 749 733 445 261 949 333 245 661 149 933 45 61 349 533 845 461 549 133 645 861 749 733 445 261 949 333 245 661 149 933 45 
46 255 996 805 946 355 896 905 846 455 796 5 746 555 696 105 646 655 596 205 546 755 496 305 446 855 396 405 346 955 296 505 246 55 196 605 146 155 96 705 46 255 996 805 946 355 896 905 846 455 796 5 746 555 696 105 646 655 596 205 546 755 496 305 446 855 396 405 346 955 296 505 246 55 196 605 146 155 96 705 46 255 996 805 946 355 896 905 846 455 796 5 746 555 696 105 646 655 596 205 546 
906 77 843 479 135 711 607 223 959 215 391 887 103 439 295 71 167 983 919 375 751 447 863 399 455 431 727 743 879 535 111 7 623 359 615 791 287 503 839 695 471 567 383 319 775 151 847 263 799 855 831 127 143 279 935 511 407 23 759 15 191 687 903 239 95 871 967 783 719 175 551 247 663 199 255 231 527 543 679 335 911 807 423 159 415 591 87 303 639 495 271 367 183 119 575 951 647 63 599 655 631 
984 953 360 81 744 233 200 601 304 913 240 721 664 993 480 441 824 473 920 761 784 353 560 681 544 633 400 201 104 313 440 321 464 393 680 41 624 873 120 361 584 753 760 281 344 33 600 801 904 713 640 921 264 793 880 641 424 273 320 961 384 153 960 881 144 433 800 401 704 113 840 521 64 193 80 241 224 673 520 561 184 553 160 481 944 833 1000 1 504 513 40 121 864 593 280 841 24 73 720 161 984 
282 403 884 325 326 487 408 689 930 731 692 413 494 535 136 897 418 299 140 541 102 423 104 745 946 307 428 909 350 351 512 433 714 955 756 717 438 519 560 161 922 443 324 165 566 127 448 129 770 971 332 453 934 375 376 537 458 739 980 781 742 463 544 585 186 947 468 349 190 591 152 473 154 795 996 357 478 959 400 401 562 483 764 5 806 767 488 569 610 211 972 493 374 215 616 177 498 179 820 21 382 
821 183 787 955 611 363 347 475 451 643 107 395 91 523 67 715 531 3 227 435 771 83 587 555 811 763 147 75 651 43 907 995 291 923 867 315 731 403 27 35 971 483 387 155 11 163 947 675 851 443 707 595 491 323 667 915 931 803 827 635 171 883 187 755 211 563 747 275 51 843 507 195 691 723 467 515 131 203 627 235 371 283 987 355 411 963 547 875 251 243 307 795 891 123 267 115 331 603 427 835 571 
132 581 16 41 916 541 416 41 916 541 416 41 916 541 416 41 916 541 416 41 916 541 416 41 916 541 416 41 916 541 416 41 916 541 416 41 916 541 416 41 916 541 416 41 916 541 416 41 916 541 416 41 916 541 416 41 916 541 416 41 916 541 416 41 916 541 416 41 916 541 416 41 916 541 416 41 916 541 416 41 916 541 416 41 916 541 416 41 916 541 416 41 916 541 416 41 916 541 416 41 916 
42 473 269 405 981 597 853 349 685 461 277 733 429 965 941 957 613 509 245 421 637 493 589 525 901 317 373 669 805 381 997 253 749 85 861 677 133 829 365 341 357 13 909 645 821 37 893 989 925 301 717 773 69 205 781 397 653 149 485 261 77 533 229 765 741 757 413 309 45 221 437 293 389 325 701 117 173 469 605 181 797 53 549 885 661 477 933 629 165 141 157 813 709 445 621 837 693 789 725 101 517 
310 191 660 341 10 491 360 641 710 791 60 941 410 91 760 241 110 391 460 541 810 691 160 841 510 991 860 141 210 291 560 441 910 591 260 741 610 891 960 41 310 191 660 341 10 491 360 641 710 791 60 941 410 91 760 241 110 391 460 541 810 691 160 841 510 991 860 141 210 291 560 441 910 591 260 741 610 891 960 41 310 191 660 341 10 491 360 641 710 791 60 941 410 91 760 241 110 391 460 541 810 
11 961 961 961 961 961 961 961 961 961 961 961 961 961 961 961 961 961 961 961 961 961 961 961 961 961 961 961 961 961 961 961 961 961 961 961 961 961 961 961 961 961 961 961 961 961 961 961 961 961 961 961 961 961 961 961 961 961 961 961 961 961 961 961 961 961 961 961 961 961 961 961 961 961 961 961 961 961 961 961 961 961 961 961 961 961 961 961 961 961 961 961 961 961 961 961 961 961 961 961 961 
962 483 164 605 406 167 488 969 210 811 372 493 774 815 216 577 498 579 420 621 782 503 384 25 26 987 508 189 630 431 192 513 994 235 836 397 518 799 840 241 602 523 604 445 646 807 528 409 50 51 12 533 214 655 456 217 538 19 260 861 422 543 824 865 266 627 548 629 470 671 832 553 434 75 76 37 558 239 680 481 242 563 44 285 886 447 568 849 890 291 652 573 654 495 696 857 578 459 100 101 62 
240 361 255 571 195 731 435 91 475 651 315 411 955 371 395 531 635 891 675 451 515 211 155 171 595 331 835 691 875 251 715 11 355 971 795 131 35 491 75 51 915 811 555 771 995 931 235 291 275 851 115 611 755 571 195 731 435 91 475 651 315 411 955 371 395 531 635 891 675 451 515 211 155 171 595 331 835 691 875 251 715 11 355 971 795 131 35 491 75 51 915 811 555 771 995 931 235 291 275 851 115 
196 181 856 481 356 981 856 481 356 981 856 481 356 981 856 481 356 981 856 481 356 981 856 481 356 981 856 481 356 981 856 481 356 981 856 481 356 981 856 481 356 981 856 481 356 981 856 481 356 981 856 481 356 981 856 481 356 981 856 481 356 981 856 481 356 981 856 481 356 981 856 481 356 981 856 481 356 981 856 481 356 981 856 481 356 981 856 481 356 981 856 481 356 981 856 481 356 981 856 481 356 
482 593 609 305 81 337 473 889 985 161 817 353 169 665 241 297 233 449 345 321 777 113 729 25 401 257 993 9 705 481 737 873 289 385 561 217 753 569 65 641 697 633 849 745 721 177 513 129 425 801 657 393 409 105 881 137 273 689 785 961 617 153 969 465 41 97 33 249 145 121 577 913 529 825 201 57 793 809 505 281 537 673 89 185 361 17 553 369 865 441 497 433 649 545 521 977 313 929 225 601 457 
434 451 676 301 926 551 176 801 426 51 676 301 926 551 176 801 426 51 676 301 926 551 176 801 426 51 676 301 926 551 176 801 426 51 676 301 926 551 176 801 426 51 676 301 926 551 176 801 426 51 676 301 926 551 176 801 426 51 676 301 926 551 176 801 426 51 676 301 926 551 176 801 426 51 676 301 926 551 176 801 426 51 676 301 926 551 176 801 426 51 676 301 926 551 176 801 426 51 676 301 926 
552 153 304 505 256 57 408 809 760 761 312 913 64 265 16 817 168 569 520 521 72 673 824 25 776 577 928 329 280 281 832 433 584 785 536 337 688 89 40 41 592 193 344 545 296 97 448 849 800 801 352 953 104 305 56 857 208 609 560 561 112 713 864 65 816 617 968 369 320 321 872 473 624 825 576 377 728 129 80 81 632 233 384 585 336 137 488 889 840 841 392 993 144 345 96 897 248 649 600 601 152 
98 905 441 569 913 25 201 49 953 945 361 729 593 665 921 609 833 185 881 689 673 505 241 969 113 625 1 449 153 545 161 129 793 265 721 9 33 785 681 89 873 105 41 369 313 225 801 849 353 145 961 529 993 865 521 409 233 385 481 489 73 705 841 769 513 825 601 249 553 745 761 929 193 465 321 809 433 985 281 889 273 305 641 169 713 425 401 649 753 345 561 329 393 65 121 209 633 585 81 289 473 
634 443 660 581 854 303 840 921 274 763 820 661 894 823 600 801 714 483 180 341 734 743 560 281 954 603 740 621 374 63 720 361 994 123 500 501 814 783 80 41 834 43 460 981 54 903 640 321 474 363 620 61 94 423 400 201 914 83 980 741 934 343 360 681 154 203 540 21 574 663 520 761 194 723 300 901 14 383 880 441 34 643 260 381 254 503 440 721 674 963 420 461 294 23 200 601 114 683 780 141 134 
124 681 421 221 221 221 221 221 221 221 221 221 221 221 221 221 221 221 221 221 221 221 221 221 221 221 221 221 221 221 221 221 221 221 221 221 221 221 221 221 221 221 221 221 221 221 221 221 221 221 221 221 221 221 221 221 221 221 221 221 221 221 221 221 221 221 221 221 221 221 221 221 221 221 221 221 221 221 221 221 221 221 221 221 221 221 221 221 221 221 221 221 221 221 221 221 221 221 221 221 221 
222 63 924 205 306 627 568 529 910 111 532 573 634 115 416 937 78 239 820 221 842 83 344 25 526 247 588 949 730 331 152 593 54 935 636 557 98 659 640 441 462 103 764 845 746 867 608 369 550 551 772 613 474 755 856 177 118 79 460 661 82 123 184 665 966 487 628 789 370 771 392 633 894 575 76 797 138 499 280 881 702 143 604 485 186 107 648 209 190 991 12 653 314 395 296 417 158 919 100 101 322 
124 405 506 827 768 729 110 311 732 773 834 315 616 137 278 439 20 421 42 283 544 225 726 447 788 149 930 531 352 793 254 135 836 757 298 859 840 641 662 303 964 45 946 67 808 569 750 751 972 813 674 955 56 377 318 279 660 861 282 323 384 865 166 687 828 989 570 971 592 833 94 775 276 997 338 699 480 81 902 343 804 685 386 307 848 409 390 191 212 853 514 595 496 617 358 119 300 301 522 363 224 
225 676 309 448 785 156 149 168 545 236 789 288 505 916 229 808 665 196 469 728 25 76 509 48 585 556 349 768 345 636 989 888 305 316 429 408 465 596 669 328 825 476 709 648 385 956 549 368 145 36 189 488 105 716 629 8 265 996 869 928 625 876 909 248 185 356 749 968 945 436 389 88 905 116 829 608 65 396 69 528 425 276 109 848 985 756 949 568 745 836 589 688 705 516 29 208 865 796 269 128 225 
437 613 189 165 541 317 493 69 45 421 197 373 949 925 301 77 253 829 805 181 957 133 709 685 61 837 13 589 565 941 717 893 469 445 821 597 773 349 325 701 477 653 229 205 581 357 533 109 85 461 237 413 989 965 341 117 293 869 845 221 997 173 749 725 101 877 53 629 605 981 757 933 509 485 861 637 813 389 365 741 517 693 269 245 621 397 573 149 125 501 277 453 29 5 381 157 333 909 885 261 37 
198 479 420 621 682 203 784 25 526 887 708 589 130 931 592 713 894 735 836 797 218 699 840 241 502 223 4 445 146 707 728 809 550 551 412 733 114 155 456 617 238 919 260 861 322 243 224 865 766 527 748 29 970 171 232 753 334 575 76 437 258 139 680 481 142 263 444 285 386 347 768 249 390 791 52 773 554 995 696 257 278 359 100 101 962 283 664 705 6 167 788 469 810 411 872 793 774 415 316 77 298 
792 433 44 525 776 697 188 149 480 81 852 693 504 185 636 757 448 609 140 941 912 953 964 845 496 817 708 69 800 801 972 213 424 505 356 877 968 529 460 661 32 473 884 165 216 937 228 989 120 521 92 733 344 825 76 997 488 449 780 381 152 993 804 485 936 57 748 909 440 241 212 253 264 145 796 117 8 369 100 101 272 513 724 805 656 177 268 829 760 961 332 773 184 465 516 237 528 289 420 821 392 
425 101 413 557 85 21 453 37 845 141 893 317 205 461 733 397 165 981 973 277 725 701 613 957 885 621 653 437 645 741 93 717 5 61 933 797 965 581 173 677 525 301 813 357 685 221 853 837 445 341 293 117 805 661 133 197 765 181 373 77 325 901 13 757 485 821 53 237 245 941 493 517 605 261 333 597 565 781 573 477 125 501 213 157 285 421 253 637 45 541 693 917 405 861 533 997 365 381 773 877 925 
926 919 668 525 826 619 768 825 726 319 868 125 626 19 968 425 526 719 68 725 426 419 168 25 326 119 268 325 226 819 368 625 126 519 468 925 26 219 568 225 926 919 668 525 826 619 768 825 726 319 868 125 626 19 968 425 526 719 68 725 426 419 168 25 326 119 268 325 226 819 368 625 126 519 468 925 26 219 568 225 926 919 668 525 826 619 768 825 726 319 868 125 626 19 968 425 526 719 68 725 426 
969 812 629 352 889 292 749 632 209 372 269 512 929 52 189 992 49 332 509 72 569 212 229 752 489 692 349 32 809 772 869 912 529 452 789 392 649 732 109 472 169 612 829 152 89 92 949 432 409 172 469 312 129 852 389 792 249 132 709 872 769 12 429 552 689 492 549 832 9 572 69 712 729 252 989 192 849 532 309 272 369 412 29 952 289 892 149 232 609 972 669 112 329 652 589 592 449 932 909 672 969 
353 357 565 381 813 277 405 61 173 997 845 941 933 517 885 21 93 837 525 301 653 957 765 781 613 877 605 461 973 597 45 341 733 117 85 421 893 437 725 701 453 557 965 181 413 477 805 861 773 197 245 741 533 717 285 821 693 37 925 101 253 157 165 581 213 77 5 261 573 797 445 141 333 317 485 221 493 637 125 501 53 757 365 981 13 677 205 661 373 397 645 541 133 917 685 621 293 237 325 901 853 
718 695 436 389 338 155 616 329 358 815 396 69 778 675 776 609 598 735 756 949 818 995 336 89 438 455 516 29 458 115 296 769 878 975 676 309 698 35 656 649 918 295 236 789 538 755 416 729 558 415 196 469 978 275 576 9 798 335 556 349 18 595 136 489 638 55 316 429 658 715 96 169 78 575 476 709 898 635 456 49 118 895 36 189 738 355 216 129 758 15 996 869 178 875 376 409 998 935 356 749 218 
876 209 723 135 831 599 343 95 511 39 863 255 791 279 783 615 671 319 103 175 151 159 823 935 231 799 943 895 911 239 463 55 191 479 383 415 71 519 703 975 551 359 423 735 631 999 543 695 311 439 63 855 591 679 983 215 471 719 303 775 951 559 23 535 31 199 143 495 711 639 663 655 991 879 583 15 871 919 903 575 351 759 623 335 431 399 743 295 111 839 263 455 391 79 183 815 271 119 503 375 751 
440 521 144 553 600 801 384 473 960 681 424 793 520 161 264 513 280 241 904 633 240 921 344 153 400 201 584 73 760 81 624 393 320 561 464 113 80 641 104 233 40 321 544 753 200 601 784 673 560 481 824 993 120 961 664 713 880 41 304 833 840 721 744 353 1000 1 984 273 360 881 24 593 920 361 864 313 680 441 504 433 640 121 944 953 800 401 184 873 160 281 224 193 720 761 64 913 480 841 704 33 440 
514 97 809 977 129 457 849 537 969 217 489 497 409 377 729 857 449 937 569 617 89 897 9 777 329 257 49 337 169 17 689 297 609 177 929 657 649 737 769 417 289 697 209 577 529 57 249 137 369 817 889 97 809 977 129 457 849 537 969 217 489 497 409 377 729 857 449 937 569 617 89 897 9 777 329 257 49 337 169 17 689 297 609 177 929 657 649 737 769 417 289 697 209 577 529 57 249 137 369 817 889 
250 251 100 901 950 551 800 201 650 851 500 501 350 151 200 801 50 451 900 101 750 751 600 401 450 51 300 701 150 351 1000 1 850 651 700 301 550 951 400 601 250 251 100 901 950 551 800 201 650 851 500 501 350 151 200 801 50 451 900 101 750 751 600 401 450 51 300 701 150 351 1000 1 850 651 700 301 550 951 400 601 250 251 100 901 950 551 800 201 650 851 500 501 350 151 200 801 50 451 900 101 750 
902 403 154 655 406 907 658 159 910 411 162 663 414 915 666 167 918 419 170 671 422 923 674 175 926 427 178 679 430 931 682 183 934 435 186 687 438 939 690 191 942 443 194 695 446 947 698 199 950 451 202 703 454 955 706 207 958 459 210 711 462 963 714 215 966 467 218 719 470 971 722 223 974 475 226 727 478 979 730 231 982 483 234 735 486 987 738 239 990 491 242 743 494 995 746 247 998 499 250 751 502 
155 906 607 758 859 410 911 862 763 114 415 166 867 18 119 670 171 122 23 374 675 426 127 278 379 930 431 382 283 634 935 686 387 538 639 190 691 642 543 894 195 946 647 798 899 450 951 902 803 154 455 206 907 58 159 710 211 162 63 414 715 466 167 318 419 970 471 422 323 674 975 726 427 578 679 230 731 682 583 934 235 986 687 838 939 490 991 942 843 194 495 246 947 98 199 750 251 202 103 454 755 
156 713 127 555 611 123 947 195 891 683 67 435 371 643 987 275 51 3 707 715 931 763 227 755 11 923 547 395 291 483 667 635 771 443 587 475 451 803 307 915 331 563 827 955 411 723 147 595 691 283 267 835 171 243 187 675 851 603 907 115 731 363 427 155 811 523 747 795 91 83 867 35 571 43 787 875 251 403 507 315 131 163 27 355 211 323 347 995 491 883 467 235 971 843 387 75 651 203 107 515 531 
244 429 24 289 844 629 424 89 444 829 824 889 44 29 224 689 644 229 624 489 244 429 24 289 844 629 424 89 444 829 824 889 44 29 224 689 644 229 624 489 244 429 24 289 844 629 424 89 444 829 824 889 44 29 224 689 644 229 624 489 244 429 24 289 844 629 424 89 444 829 824 889 44 29 224 689 644 229 624 489 244 429 24 289 844 629 424 89 444 829 824 889 44 29 224 689 644 229 624 489 244 
845 181 765 661 885 941 205 21 725 901 445 581 365 61 485 341 805 421 325 301 45 981 965 461 85 741 405 821 925 701 645 381 565 861 685 141 5 221 525 101 245 781 165 261 285 541 605 621 125 501 845 181 765 661 885 941 205 21 725 901 445 581 365 61 485 341 805 421 325 301 45 981 965 461 85 741 405 821 925 701 645 381 565 861 685 141 5 221 525 101 245 781 165 261 285 541 605 621 125 501 845 
702 511 556 781 906 531 656 281 406 31 156 781 906 531 656 281 406 31 156 781 906 531 656 281 406 31 156 781 906 531 656 281 406 31 156 781 906 531 656 281 406 31 156 781 906 531 656 281 406 31 156 781 906 531 656 281 406 31 156 781 906 531 656 281 406 31 156 781 906 531 656 281 406 31 156 781 906 531 656 281 406 31 156 781 906 531 656 281 406 31 156 781 906 531 656 281 406 31 156 781 906 
32 993 284 805 456 137 748 189 360 161 492 253 344 665 116 597 8 249 220 821 952 513 404 525 776 57 268 309 80 481 412 773 464 385 436 517 528 369 940 141 872 33 524 245 96 977 788 429 800 801 332 293 584 105 756 437 48 489 660 461 792 553 644 965 416 897 308 549 520 121 252 813 704 825 76 357 568 609 380 781 712 73 764 685 736 817 828 669 240 441 172 333 824 545 396 277 88 729 100 101 632 
670 561 349 533 845 461 549 133 645 861 749 733 445 261 949 333 245 661 149 933 45 61 349 533 845 461 549 133 645 861 749 733 445 261 949 333 245 661 149 933 45 61 349 533 845 461 549 133 645 861 749 733 445 261 949 333 245 661 149 933 45 61 349 533 845 461 549 133 645 861 749 733 445 261 949 333 245 661 149 933 45 61 349 533 845 461 549 133 645 861 749 733 445 261 949 333 245 661 149 933 45 
46 255 996 805 946 355 896 905 846 455 796 5 746 555 696 105 646 655 596 205 546 755 496 305 446 855 396 405 346 955 296 505 246 55 196 605 146 155 96 705 46 255 996 805 946 355 896 905 846 455 796 5 746 555 696 105 646 655 596 205 546 755 496 305 446 855 396 405 346 955 296 505 246 55 196 605 146 155 96 705 46 255 996 805 946 355 896 905 846 455 796 5 746 555 696 105 646 655 596 205 546 
906 77 843 479 135 711 607 223 959 215 391 887 103 439 295 71 167 983 919 375 751 447 863 399 455 431 727 743 879 535 111 7 623 359 615 791 287 503 839 695 471 567 383 319 775 151 847 263 799 855 831 127 143 279 935 511 407 23 759 15 191 687 903 239 95 871 967 783 719 175 551 247 663 199 255 231 527 543 679 335 911 807 423 159 415 591 87 303 639 495 271 367 183 119 575 951 647 63 599 655 631 
984 953 360 81 744 233 200 601 304 913 240 721 664 993 480 441 824 473 920 761 784 353 560 681 544 633 400 201 104 313 440 321 464 393 680 41 624 873 120 361 584 753 760 281 344 33 600 801 904 713 640 921 264 793 880 641 424 273 320 961 384 153 960 881 144 433 800 401 704 113 840 521 64 193 80 241 224 673 520 561 184 553 160 481 944 833 1000 1 504 513 40 121 864 593 280 841 24 73 720 161 984 
282 403 884 325 326 487 408 689 930 731 692 413 494 535 136 897 418 299 140 541 102 423 104 745 946 307 428 909 350 351 512 433 714 955 756 717 438 519 560 161 922 443 324 165 566 127 448 129 770 971 332 453 934 375 376 537 458 739 980 781 742 463 544 585 186 947 468 349 190 591 152 473 154 795 996 357 478 959 400 401 562 483 764 5 806 767 488 569 610 211 972 493 374 215 616 177 498 179 820 21 382 
821 183 787 955 611 363 347 475 451 643 107 395 91 523 67 715 531 3 227 435 771 83 587 555 811 763 147 75 651 43 907 995 291 923 867 315 731 403 27 35 971 483 387 155 11 163 947 675 851 443 707 595 491 323 667 915 931 803 827 635 171 883 187 755 211 563 747 275 51 843 507 195 691 723 467 515 131 203 627 235 371 283 987 355 411 963 547 875 251 243 307 795 891 123 267 115 331 603 427 835 571 
132 581 16 41 916 541 416 41 916 541 416 41 916 541 416 41 916 541 416 41 916 541 416 41 916 541 416 41 916 541 416 41 916 541 416 41 916 541 416 41 916 541 416 41 916 541 416 41 916 541 416 41 916 541 416 41 916 541 416 41 916 541 416 41 916 541 416 41 916 541 416 41 916 541 416 41 916 541 416 41 916 541 416 41 916 541 416 41 916 541 416 41 916 541 416 41 916 541 416 41 916 
42 473 269 405 981 597 853 349 685 461 277 733 429 965 941 957 613 509 245 421 637 493 589 525 901 317 373 669 805 381 997 253 749 85 861 677 133 829 365 341 357 13 909 645 821 37 893 989 925 301 717 773 69 205 781 397 653 149 485 261 77 533 229 765 741 757 413 309 45 221 437 293 389 325 701 117 173 469 605 181 797 53 549 885 661 477 933 629 165 141 157 813 709 445 621 837 693 789 725 101 517 
310 191 660 341 10 491 360 641 710 791 60 941 410 91 760 241 110 391 460 541 810 691 160 841 510 991 860 141 210 291 560 441 910 591 260 741 610 891 960 41 310 191 660 341 10 491 360 641 710 791 60 941 410 91 760 241 110 391 460 541 810 691 160 841 510 991 860 141 210 291 560 441 910 591 260 741 610 891 960 41 310 191 660 341 10 491 360 641 710 791 60 941 410 91 760 241 110 391 460 541 810 
11 961 961 961 961 961 961 961 961 961 961 961 961 961 961 961 961 961 961 961 961 961 961 961 961 961 961 961 961 961 961 961 961 961 961 961 961 961 961 961 961 961 961 961 961 961 961 961 961 961 961 961 961 961 961 961 961 961 961 961 961 961 961 961 961 961 961 961 961 961 961 961 961 961 961 961 961 961 961 961 961 961 961 961 961 961 961 961 961 961 961 961 961 961 961 961 961 961 961 961 961 
962 483 164 605 406 167 488 969 210 811 372 493 774 815 216 577 498 579 420 621 782 503 384 25 26 987 508 189 630 431 192 513 994 235 836 397 518 799 840 241 602 523 604 445 646 807 528 409 50 51 12 533 214 655 456 217 538 19 260 861 422 543 824 865 266 627 548 629 470 671 832 553 434 75 76 37 558 239 680 481 242 563 44 285 886 447 568 849 890 291 652 573 654 495 696 857 578 459 100 101 62 
240 361 255 571 195 731 435 91 475 651 315 411 955 371 395 531 635 891 675 451 515 211 155 171 595 331 835 691 875 251 715 11 355 971 795 131 35 491 75 51 915 811 555 771 995 931 235 291 275 851 115 611 755 571 195 731 435 91 475 651 315 411 955 371 395 531 635 891 675 451 515 211 155 171 595 331 835 691 875 251 715 11 355 971 795 131 35 491 75 51 915 811 555 771 995 931 235 291 275 851 115 
196 181 856 481 356 981 856 481 356 981 856 481 356 981 856 481 356 981 856 481 356 981 856 481 356 981 856 481 356 981 856 481 356 981 856 481 356 981 856 481 356 981 856 481 356 981 856 481 356 981 856 481 356 981 856 481 356 981 856 481 356 981 856 481 356 981 856 481 356 981 856 481 356 981 856 481 356 981 856 481 356 981 856 481 356 981 856 481 356 981 856 481 356 981 856 481 356 981 856 481 356 
482 593 609 305 81 337 473 889 985 161 817 353 169 665 241 297 233 449 345 321 777 113 729 25 401 257 993 9 705 481 737 873 289 385 561 217 753 569 65 641 697 633 849 745 721 177 513 129 425 801 657 393 409 105 881 137 273 689 785 961 617 153 969 465 41 97 33 249 145 121 577 913 529 825 201 57 793 809 505 281 537 673 89 185 361 17 553 369 865 441 497 433 649 545 521 977 313 929 225 601 457 
434 451 676 301 926 551 176 801 426 51 676 301 926 551 176 801 426 51 676 301 926 551 176 801 426 51 676 301 926 551 176 801 426 51 676 301 926 551 176 801 426 51 676 301 926 551 176 801 426 51 676 301 926 551 176 801 426 51 676 301 926 551 176 801 426 51 676 301 926 551 176 801 426 51 676 301 926 551 176 801 426 51 676 301 926 551 176 801 426 51 676 301 926 551 176 801 426 51 676 301 926 
552 153 304 505 256 57 408 809 760 761 312 913 64 265 16 817 168 569 520 521 72 673 824 25 776 577 928 329 280 281 832 433 584 785 536 337 688 89 40 41 592 193 344 545 296 97 448 849 800 801 352 953 104 305 56 857 208 609 560 561 112 713 864 65 816 617 968 369 320 321 872 473 624 825 576 377 728 129 80 81 632 233 384 585 336 137 488 889 840 841 392 993 144 345 96 897 248 649 600 601 152 
98 905 441 569 913 25 201 49 953 945 361 729 593 665 921 609 833 185 881 689 673 505 241 969 113 625 1 449 153 545 161 129 793 265 721 9 33 785 681 89 873 105 41 369 313 225 801 849 353 145 961 529 993 865 521 409 233 385 481 489 73 705 841 769 513 825 601 249 553 745 761 929 193 465 321 809 433 985 281 889 273 305 641 169 713 425 401 649 753 345 561 329 393 65 121 209 633 585 81 289 473 
634 443 660 581 854 303 840 921 274 763 820 661 894 823 600 801 714 483 180 341 734 743 560 281 954 603 740 621 374 63 720 361 994 123 500 501 814 783 80 41 834 43 460 981 54 903 640 321 474 363 620 61 94 423 400 201 914 83 980 741 934 343 360 681 154 203 540 21 574 663 520 761 194 723 300 901 14 383 880 441 34 643 260 381 254 503 440 721 674 963 420 461 294 23 200 601 114 683 780 141 134 
124 681 421 221 221 221 221 221 221 221 221 221 221 221 221 221 221 221 221 221 221 221 221 221 221 221 221 221 221 221 221 221 221 221 221 221 221 221 221 221 221 221 221 221 221 221 221 221 221 221 221 221 221 221 221 221 221 221 221 221 221 221 221 221 221 221 221 221 221 221 221 221 221 221 221 221 221 221 221 221 221 221 221 221 221 221 221 221 221 221 221 221 221 221 221 221 221 221 221 221 221 
222 63 924 205 306 627 568 529 910 111 532 573 634 115 416 937 78 239 820 221 842 83 344 25 526 247 588 949 730 331 152 593 54 935 636 557 98 659 640 441 462 103 764 845 746 867 608 369 550 551 772 613 474 755 856 177 118 79 460 661 82 123 184 665 966 487 628 789 370 771 392 633 894 575 76 797 138 499 280 881 702 143 604 485 186 107 648 209 190 991 12 653 314 395 296 417 158 919 100 101 322 
124 405 506 827 768 729 110 311 732 773 834 315 616 137 278 439 20 421 42 283 544 225 726 447 788 149 930 531 352 793 254 135 836 757 298 859 840 641 662 303 964 45 946 67 808 569 750 751 972 813 674 955 56 377 318 279 660 861 282 323 384 865 166 687 828 989 570 971 592 833 94 775 276 997 338 699 480 81 902 343 804 685 386 307 848 409 390 191 212 853 514 595 496 617 358 119 300 301 522 363 224 
225 676 309 448 785 156 149 168 545 236 789 288 505 916 229 808 665 196 469 728 25 76 509 48 585 556 349 768 345 636 989 888 305 316 429 408 465 596 669 328 825 476 709 648 385 956 549 368 145 36 189 488 105 716 629 8 265 996 869 928 625 876 909 248 185 356 749 968 945 436 389 88 905 116 829 608 65 396 69 528 425 276 109 848 985 756 949 568 745 836 589 688 705 516 29 208 865 796 269 128 225 
437 613 189 165 541 317 493 69 45 421 197 373 949 925 301 77 253 829 805 181 957 133 709 685 61 837 13 589 565 941 717 893 469 445 821 597 773 349 325 701 477 653 229 205 581 357 533 109 85 461 237 413 989 965 341 117 293 869 845 221 997 173 749 725 101 877 53 629 605 981 757 933 509 485 861 637 813 389 365 741 517 693 269 245 621 397 573 149 125 501 277 453 29 5 381 157 333 909 885 261 37 
198 479 420 621 682 203 784 25 526 887 708 589 130 931 592 713 894 735 836 797 218 699 840 241 502 223 4 445 146 707 728 809 550 551 412 733 114 155 456 617 238 919 260 861 322 243 224 865 766 527 748 29 970 171 232 753 334 575 76 437 258 139 680 481 142 263 444 285 386 347 768 249 390 791 52 773 554 995 696 257 278 359 100 101 962 283 664 705 6 167 788 469 810 411 872 793 774 415 316 77 298 
792 433 44 525 776 697 188 149 480 81 852 693 504 185 636 757 448 609 140 941 912 953 964 845 496 817 708 69 800 801 972 213 424 505 356 877 968 529 460 661 32 473 884 165 216 937 228 989 120 521 92 733 344 825 76 997 488 449 780 381 152 993 804 485 936 57 748 909 440 241 212 253 264 145 796 117 8 369 100 101 272 513 724 805 656 177 268 829 760 961 332 773 184 465 516 237 528 289 420 821 392 
425 101 413 557 85 21 453 37 845 141 893 317 205 461 733 397 165 981 973 277 725 701 613 957 885 621 653 437 645 741 93 717 5 61 933 797 965 581 173 677 525 301 813 357 685 221 853 837 445 341 293 117 805 661 133 197 765 181 373 77 325 901 13 757 485 821 53 237 245 941 493 517 605 261 333 597 565 781 573 477 125 501 213 157 285 421 253 637 45 541 693 917 405 861 533 997 365 381 773 877 925 
926 919 668 525 826 619 768 825 726 319 868 125 626 19 968 425 526 719 68 725 426 419 168 25 326 119 268 325 226 819 368 625 126 519 468 925 26 219 568 225 926 919 668 525 826 619 768 825 726 319 868 125 626 19 968 425 526 719 68 725 426 419 168 25 326 119 268 325 226 819 368 625 126 519 468 925 26 219 568 225 926 919 668 525 826 619 768 825 726 319 868 125 626 19 968 425 526 719 68 725 426 
969 812 629 352 889 292 749 632 209 372 269 512 929 52 189 992 49 332 509 72 569 212 229 752 489 692 349 32 809 772 869 912 529 452 789 392 649 732 109 472 169 612 829 152 89 92 949 432 409 172 469 312 129 852 389 792 249 132 709 872 769 12 429 552 689 492 549 832 9 572 69 712 729 252 989 192 849 532 309 272 369 412 29 952 289 892 149 232 609 972 669 112 329 652 589 592 449 932 909 672 969 
353 357 565 381 813 277 405 61 173 997 845 941 933 517 885 21 93 837 525 301 653 957 765 781 613 877 605 461 973 597 45 341 733 117 85 421 893 437 725 701 453 557 965 181 413 477 805 861 773 197 245 741 533 717 285 821 693 37 925 101 253 157 165 581 213 77 5 261 573 797 445 141 333 317 485 221 493 637 125 501 53 757 365 981 13 677 205 661 373 397 645 541 133 917 685 621 293 237 325 901 853 
718 695 436 389 338 155 616 329 358 815 396 69 778 675 776 609 598 735 756 949 818 995 336 89 438 455 516 29 458 115 296 769 878 975 676 309 698 35 656 649 918 295 236 789 538 755 416 729 558 415 196 469 978 275 576 9 798 335 556 349 18 595 136 489 638 55 316 429 658 715 96 169 78 575 476 709 898 635 456 49 118 895 36 189 738 355 216 129 758 15 996 869 178 875 376 409 998 935 356 749 218 
876 209 723 135 831 599 343 95 511 39 863 255 791 279 783 615 671 319 103 175 151 159 823 935 231 799 943 895 911 239 463 55 191 479 383 415 71 519 703 975 551 359 423 735 631 999 543 695 311 439 63 855 591 679 983 215 471 719 303 775 951 559 23 535 31 199 143 495 711 639 663 655 991 879 583 15 871 919 903 575 351 759 623 335 431 399 743 295 111 839 263 455 391 79 183 815 271 119 503 375 751 
440 521 144 553 600 801 384 473 960 681 424 793 520 161 264 513 280 241 904 633 240 921 344 153 400 201 584 73 760 81 624 393 320 561 464 113 80 641 104 233 40 321 544 753 200 601 784 673 560 481 824 993 120 961 664 713 880 41 304 833 840 721 744 353 1000 1 984 273 360 881 24 593 920 361 864 313 680 441 504 433 640 121 944 953 800 401 184 873 160 281 224 193 720 761 64 913 480 841 704 33 440 
514 97 809 977 129 457 849 537 969 217 489 497 409 377 729 857 449 937 569 617 89 897 9 777 329 257 49 337 169 17 689 297 609 177 929 657 649 737 769 417 289 697 209 577 529 57 249 137 369 817 889 97 809 977 129 457 849 537 969 217 489 497 409 377 729 857 449 937 569 617 89 897 9 777 329 257 49 337 169 17 689 297 609 177 929 657 649 737 769 417 289 697 209 577 529 57 249 137 369 817 889 
250 251 100 901 950 551 800 201 650 851 500 501 350 151 200 801 50 451 900 101 750 751 600 401 450 51 300 701 150 351 1000 1 850 651 700 301 550 951 400 601 250 251 100 901 950 551 800 201 650 851 500 501 350 151 200 801 50 451 900 101 750 751 600 401 450 51 300 701 150 351 1000 1 850 651 700 301 550 951 400 601 250 251 100 901 950 551 800 201 650 851 500 501 350 151 200 801 50 451 900 101 750 
902 403 154 655 406 907 658 159 910 411 162 663 414 915 666 167 918 419 170 671 422 923 674 175 926 427 178 679 430 931 682 183 934 435 186 687 438 939 690 191 942 443 194 695 446 947 698 199 950 451 202 703 454 955 706 207 958 459 210 711 462 963 714 215 966 467 218 719 470 971 722 223 974 475 226 727 478 979 730 231 982 483 234 735 486 987 738 239 990 491 242 743 494 995 746 247 998 499 250 751 502 
155 906 607 758 859 410 911 862 763 114 415 166 867 18 119 670 171 122 23 374 675 426 127 278 379 930 431 382 283 634 935 686 387 538 639 190 691 642 543 894 195 946 647 798 899 450 951 902 803 154 455 206 907 58 159 710 211 162 63 414 715 466 167 318 419 970 471 422 323 674 975 726 427 578 679 230 731 682 583 934 235 986 687 838 939 490 991 942 843 194 495 246 947 98 199 750 251 202 103 454 755 
156 713 127 555 611 123 947 195 891 683 67 435 371 643 987 275 51 3 707 715 931 763 227 755 11 923 547 395 291 483 667 635 771 443 587 475 451 803 307 915 331 563 827 955 411 723 147 595 691 283 267 835 171 243 187 675 851 603 907 115 731 363 427 155 811 523 747 795 91 83 867 35 571 43 787 875 251 403 507 315 131 163 27 355 211 323 347 995 491 883 467 235 971 843 387 75 651 203 107 515 531 
244 429 24 289 844 629 424 89 444 829 824 889 44 29 224 689 644 229 624 489 244 429 24 289 844 629 424 89 444 829 824 889 44 29 224 689 644 229 624 489 244 429 24 289 844 629 424 89 444 829 824 889 44 29 224 689 644 229 624 489 244 429 24 289 844 629 424 89 444 829 824 889 44 29 224 689 644 229 624 489 244 429 24 289 844 629 424 89 444 829 824 889 44 29 224 689 644 229 624 489 244 
845 181 765 661 885 941 205 21 725 901 445 581 365 61 485 341 805 421 325 301 45 981 965 461 85 741 405 821 925 701 645 381 565 861 685 141 5 221 525 101 245 781 165 261 285 541 605 621 125 501 845 181 765 661 885 941 205 21 725 901 445 581 365 61 485 341 805 421 325 301 45 981 965 461 85 741 405 821 925 701 645 381 565 861 685 141 5 221 525 101 245 781 165 261 285 541 605 621 125 501 845 
702 511 556 781 906 531 656 281 406 31 156 781 906 531 656 281 406 31 156 781 906 531 656 281 406 31 156 781 906 531 656 281 406 31 156 781 906 531 656 281 406 31 156 781 906 531 656 281 406 31 156 781 906 531 656 281 406 31 156 781 906 531 656 281 406 31 156 781 906 531 656 281 406 31 156 781 906 531 656 281 406 31 156 781 906 531 656 281 406 31 156 781 906 531 656 281 406 31 156 781 906 
32 993 284 805 456 137 748 189 360 161 492 253 344 665 116 597 8 249 220 821 952 513 404 525 776 57 268 309 80 481 412 773 464 385 436 517 528 369 940 141 872 33 524 245 96 977 788 429 800 801 332 293 584 105 756 437 48 489 660 461 792 553 644 965 416 897 308 549 520 121 252 813 704 825 76 357 568 609 380 781 712 73 764 685 736 817 828 669 240 441 172 333 824 545 396 277 88 729 100 101 632 
670 561 349 533 845 461 549 133 645 861 749 733 445 261 949 333 245 661 149 933 45 61 349 533 845 461 549 133 645 861 749 733 445 261 949 333 245 661 149 933 45 61 349 533 845 461 549 133 645 861 749 733 445 261 949 333 245 661 149 933 45 61 349 533 845 461 549 133 645 861 749 733 445 261 949 333 245 661 149 933 45 61 349 533 845 461 549 133 645 861 749 733 445 261 949 333 245 661 149 933 45 
46 255 996 805 946 355 896 905 846 455 796 5 746 555 696 105 646 655 596 205 546 755 496 305 446 855 396 405 346 955 296 505 246 55 196 605 146 155 96 705 46 255 996 805 946 355 896 905 846 455 796 5 746 555 696 105 646 655 596 205 546 755 496 305 446 855 396 405 346 955 296 505 246 55 196 605 146 155 96 705 46 255 996 805 946 355 896 905 846 455 796 5 746 555 696 105 646 655 596 205 546 
906 77 843 479 135 711 607 223 959 215 391 887 103 439 295 71 167 983 919 375 751 447 863 399 455 431 727 743 879 535 111 7 623 359 615 791 287 503 839 695 471 567 383 319 775 151 847 263 799 855 831 127 143 279 935 511 407 23 759 15 191 687 903 239 95 871 967 783 719 175 551 247 663 199 255 231 527 543 679 335 911 807 423 159 415 591 87 303 639 495 271 367 183 119 575 951 647 63 599 655 631 
984 953 360 81 744 233 200 601 304 913 240 721 664 993 480 441 824 473 920 761 784 353 560 681 544 633 400 201 104 313 440 321 464 393 680 41 624 873 120 361 584 753 760 281 344 33 600 801 904 713 640 921 264 793 880 641 424 273 320 961 384 153 960 881 144 433 800 401 704 113 840 521 64 193 80 241 224 673 520 561 184 553 160 481 944 833 1000 1 504 513 40 121 864 593 280 841 24 73 720 161 984 
282 403 884 325 326 487 408 689 930 731 692 413 494 535 136 897 418 299 140 541 102 423 104 745 946 307 428 909 350 351 512 433 714 955 756 717 438 519 560 161 922 443 324 165 566 127 448 129 770 971 332 453 934 375 376 537 458 739 980 781 742 463 544 585 186 947 468 349 190 591 152 473 154 795 996 357 478 959 400 401 562 483 764 5 806 767 488 569 610 211 972 493 374 215 616 177 498 179 820 21 382 
821 183 787 955 611 363 347 475 451 643 107 395 91 523 67 715 531 3 227 435 771 83 587 555 811 763 147 75 651 43 907 995 291 923 867 315 731 403 27 35 971 483 387 155 11 163 947 675 851 443 707 595 491 323 667 915 931 803 827 635 171 883 187 755 211 563 747 275 51 843 507 195 691 723 467 515 131 203 627 235 371 283 987 355 411 963 547 875 251 243 307 795 891 123 267 115 331 603 427 835 571 
132 581 16 41 916 541 416 41 916 541 416 41 916 541 416 41 916 541 416 41 916 541 416 41 916 541 416 41 916 541 416 41 916 541 416 41 916 541 416 41 916 541 416 41 916 541 416 41 916 541 416 41 916 541 416 41 916 541 416 41 916 541 416 41 916 541 416 41 916 541 416 41 916 541 416 41 916 541 416 41 916 541 416 41 916 541 416 41 916 541 416 41 916 541 416 41 916 541 416 41 916 
42 473 269 405 981 597 853 349 685 461 277 733 429 965 941 957 613 509 245 421 637 493 589 525 901 317 373 669 805 381 997 253 749 85 861 677 133 829 365 341 357 13 909 645 821 37 893 989 925 301 717 773 69 205 781 397 653 149 485 261 77 533 229 765 741 757 413 309 45 221 437 293 389 325 701 117 173 469 605 181 797 53 549 885 661 477 933 629 165 141 157 813 709 445 621 837 693 789 725 101 517 
310 191 660 341 10 491 360 641 710 791 60 941 410 91 760 241 110 391 460 541 810 691 160 841 510 991 860 141 210 291 560 441 910 591 260 741 610 891 960 41 310 191 660 341 10 491 360 641 710 791 60 941 410 91 760 241 110 391 460 541 810 691 160 841 510 991 860 141 210 291 560 441 910 591 260 741 610 891 960 41 310 191 660 341 10 491 360 641 710 791 60 941 410 91 760 241 110 391 460 541 810 
11 961 961 961 961 961 961 961 961 961 961 961 961 961 961 961 961 961 961 961 961 961 961 961 961 961 961 961 961 961 961 961 961 961 961 961 961 961 961 961 961 961 961 961 961 961 961 961 961 961 961 961 961 961 961 961 961 961 961 961 961 961 961 961 961 961 961 961 961 961 961 961 961 961 961 961 961 961 961 961 961 961 961 961 961 961 961 961 961 961 961 961 961 961 961 961 961 961 961 961 961 
962 483 164 605 406 167 488 969 210 811 372 493 774 815 216 577 498 579 420 621 782 503 384 25 26 987 508 189 630 431 192 513 994 235 836 397 518 799 840 241 602 523 604 445 646 807 528 409 50 51 12 533 214 655 456 217 538 19 260 861 422 543 824 865 266 627 548 629 470 671 832 553 434 75 76 37 558 239 680 481 242 563 44 285 886 447 568 849 890 291 652 573 654 495 696 857 578 459 100 101 62 
240 361 255 571 195 731 435 91 475 651 315 411 955 371 395 531 635 891 675 451 515 211 155 171 595 331 835 691 875 251 715 11 355 971 795 131 35 491 75 51 915 811 555 771 995 931 235 291 275 851 115 611 755 571 195 731 435 91 475 651 315 411 955 371 395 531 635 891 675 451 515 211 155 171 595 331 835 691 875 251 715 11 355 971 795 131 35 491 75 51 915 811 555 771 995 931 235 291 275 851 115 
196 181 856 481 356 981 856 481 356 981 856 481 356 981 856 481 356 981 856 481 356 981 856 481 356 981 856 481 356 981 856 481 356 981 856 481 356 981 856 481 356 981 856 481 356 981 856 481 356 981 856 481 356 981 856 481 356 981 856 481 356 981 856 481 356 981 856 481 356 981 856 481 356 981 856 481 356 981 856 481 356 981 856 481 356 981 856 481 356 981 856 481 356 981 856 481 356 981 856 481 356 
482 593 609 305 81 337 473 889 985 161 817 353 169 665 241 297 233 449 345 321 777 113 729 25 401 257 993 9 705 481 737 873 289 385 561 217 753 569 65 641 697 633 849 745 721 177 513 129 425 801 657 393 409 105 881 137 273 689 785 961 617 153 969 465 41 97 33 249 145 121 577 913 529 825 201 57 793 809 505 281 537 673 89 185 361 17 553 369 865 441 497 433 649 545 521 977 313 929 225 601 457 
434 451 676 301 926 551 176 801 426 51 676 301 926 551 176 801 426 51 676 301 926 551 176 801 426 51 676 301 926 551 176 801 426 51 676 301 926 551 176 801 426 51 676 301 926 551 176 801 426 51 676 301 926 551 176 801 426 51 676 301 926 551 176 801 426 51 676 301 926 551 176 801 426 51 676 301 926 551 176 801 426 51 676 301 926 551 176 801 426 51 676 301 926 551 176 801 426 51 676 301 926 
552 153 304 505 256 57 408 809 760 761 312 913 64 265 16 817 168 569 520 521 72 673 824 25 776 577 928 329 280 281 832 433 584 785 536 337 688 89 40 41 592 193 344 545 296 97 448 849 800 801 352 953 104 305 56 857 208 609 560 561 112 713 864 65 816 617 968 369 320 321 872 473 624 825 576 377 728 129 80 81 632 233 384 585 336 137 488 889 840 841 392 993 144 345 96 897 248 649 600 601 152 
98 905 441 569 913 25 201 49 953 945 361 729 593 665 921 609 833 185 881 689 673 505 241 969 113 625 1 449 153 545 161 129 793 265 721 9 33 785 681 89 873 105 41 369 313 225 801 849 353 145 961 529 993 865 521 409 233 385 481 489 73 705 841 769 513 825 601 249 553 745 761 929 193 465 321 809 433 985 281 889 273 305 641 169 713 425 401 649 753 345 561 329 393 65 121 209 633 585 81 289 473 
